date,x_rotated,y_rotated,z
600394,-9564.309515212528,7218.335784459953,89
600774,-9425.24912798887,7249.56411623106,90
600914,-9346.388568162305,7258.838387298959,89
601074,-9256.221191842289,7267.717815634404,89
601334,-9081.145004716527,7296.980910164975,88
601634,-8849.606516541418,7382.997934605404,88
601914,-8762.395957525972,7428.772582569243,89
602274,-8566.66687146501,7542.926535062096,92
602934,-8188.413444892058,7778.063400070159,92
603254,-7908.112058994518,7923.22583689153,92
603634,-7674.231443689882,8015.52891259719,93
603974,-7538.3836269003095,8056.06742112312,93
604214,-7371.688841461524,8088.453351826394,92
604334,-7285.079522966489,8096.749492484891,92
604514,-7154.705645900879,8102.102265493449,92
604894,-6856.932558960057,8078.968119869856,91
605054,-6739.435892895983,8060.006752202216,90
605214,-6623.599355601374,8034.027979567725,90
605434,-6465.223166853375,7990.290320306416,89
605634,-6323.322625851721,7940.760163195441,90
605834,-6183.862922662707,7882.117250695871,90
606054,-6035.003308457489,7808.995330188587,91
606334,-5848.337652399493,7704.129068462338,92
606414,-5796.3980899298995,7671.8911738278075,93
606634,-5654.564857113263,7579.911099524826,94
606854,-5514.342397724536,7482.326972316674,94
607054,-5388.006682244842,7392.3031588324975,95
607354,-5201.942266707257,7249.958389800907,95
607514,-5025.484159973835,7095.92093796514,95
607954,-4798.378706073023,6852.380155325956,93
608354,-4656.532023601754,6679.740302824006,92
608514,-4576.549770529946,6579.307045416128,92
608814,-4419.411968509693,6378.5392412834835,92
609094,-4243.294875934265,6113.430264251814,93
609514,-4121.813936770587,5843.861383592509,93
609794,-4044.6449381675093,5662.867058668775,92
609974,-3984.2701454364797,5527.741619159091,92
610234,-3902.080381605181,5348.694578632431,92
610534,-3757.371119279552,5035.154741614593,90
610814,-3705.0322408446023,4913.045602709385,89
611014,-3645.2990675538094,4759.546586397839,88
611194,-3597.209221725636,4617.067230952138,88
611534,-3506.7726725773973,4349.997519868762,90
611694,-3400.623231882529,4127.661521343632,91
612114,-3276.6745256410168,3928.76024376841,92
612294,-3122.264717061014,3730.917854442242,93
612694,-2960.581750384645,3559.0003792201805,92
612954,-2796.1618138462954,3404.675771756805,91
613234,-2592.2263513441467,3227.0375801029977,90
613574,-2394.617319027056,3070.8464460821992,89
613814,-2184.42720775777,2930.4893403675082,90
614154,-1979.7828176303656,2813.6746427075695,91
614394,-1797.5456627019105,2723.821321324427,91
614554,-1673.5341215082822,2668.548021705343,91
614894,-1405.5266888912554,2562.963855932109,92
615074,-1261.5307974678572,2512.6529897779583,92
615234,-1132.785646673617,2471.365144751021,91
615474,-937.9090810296785,2419.2774863008303,91
615554,-871.194378503031,2404.919615052594,91
615773,-688.3470066324342,2373.0630835399566,90
616154,-295.4934652482177,2337.410663960358,90
616494,-55.17425942077729,2330.433607957405,91
616714,125.25022748064055,2330.500886186497,92
617394,684.9555967500432,2351.99273606038,93
617654,877.2298089020377,2367.2120442355167,93
617874,1026.3721055019632,2383.2300142972913,92
618074,1152.2187707549192,2400.7690235255914,92
618254,1260.4725682491894,2421.045002615873,91
618614,1452.2308009092533,2482.2722858079987,89
618734,1509.2180578722614,2513.5365232660297,89
618994,1624.1303232878533,2602.918687354043,89
619194,1757.9770271058924,2748.2426698106424,89
619594,1850.3833466394221,2861.759506052088,89
619754,1908.0211994643973,2931.915602877143,89
619994,1997.3046828252238,3037.051037431612,91
620194,2077.4664343757236,3124.1090272335596,92
620414,2212.8162245168264,3251.692075906803,92
620814,2332.74925516064,3343.02152439189,92
621054,2455.9352351583643,3405.935865618674,93
621334,2693.454666127634,3460.6123679943225,95
621594,2782.20869038597,3469.5411516713248,95
621854,2948.0644350182924,3477.9000973260113,94
622054,3077.024960022221,3483.3022256761255,94
622293,3234.3018816013396,3489.1305992567886,93
622493,3367.5518181318694,3495.7980136439146,93
622754,3557.58261383745,3507.5579746771823,92
622874,3639.1218117627077,3512.493478876923,92
623214,3946.0256069355873,3527.955060571014,91
623574,4117.485404473079,3534.7032327977913,91
623834,4304.590785372183,3543.7352003908095,92
624054,4570.893237067017,3551.416620918335,93
624374,4719.443269568263,3550.474366239929,94
624694,4958.7843449863,3535.748551568506,94
624874,5094.02194483373,3518.290270223931,95
625154,5409.419302031333,3452.795941669713,96
625494,5647.517517488724,3382.2180428910856,97
625874,5837.561762848936,3313.3182257253848,98
626094,5997.243616553773,3246.1862244339936,100
626254,6112.142402358804,3193.3537626275506,100
626614,6383.353428988186,3057.9411375343307,99
627014,6693.931915556697,2894.974872065635,99
627294,6848.099450617746,2811.7620657603534,98
627474,6974.444142519171,2742.2565348413386,97
627814,7211.833430351306,2610.8551420688427,96
627994,7336.715414849492,2539.985614429704,95
628973,7980.082201819236,2181.43829896879,93
629173,8092.392083786957,2115.253025588707,94
629394,8279.8294724664,1991.9638317190393,95
629834,8394.324439117247,1907.3062708539805,95
629954,8438.465887576815,1874.6331545671705,95
630314,8576.494285860683,1775.0030322788314,97
630674,8627.455717920875,1735.0163789758296,97
630874,8678.318439297953,1692.2030215494644,98
631094,8753.970901923334,1609.6094086080548,98
631434,8785.481916089147,1559.688911953455,98
631654,8809.67939323877,1502.9484316982312,97
631934,8818.321021288162,1426.2325776349671,97
632054,8813.627790607377,1393.1421925393395,97
632394,8778.347817639795,1294.6113673758068,97
632614,8729.86309912324,1202.9095022346305,97
632914,8696.696429420863,1144.6345331582475,97
633174,8650.069261040002,1065.6034812306486,96
633414,8581.007928194998,951.9789578843593,96
633854,8502.290931204274,825.2483996722117,96
633914,8487.318369780995,801.7149680391898,95
634114,8435.670436171911,720.7366317145172,95
634434,8305.749703646115,525.747905732833,94
634874,8215.380402771043,389.51872582136724,93
635034,8166.025240949931,313.4130887002451,93
635294,8085.11418285435,184.63653540791054,91
635493,8020.6877489268445,82.17076253040393,90
635753,7904.909513439596,-92.79323430168503,89
636094,7816.043298887587,-246.76334799650698,87
636334,7715.3856908482885,-393.9538570105292,85
636534,7646.8268878405825,-472.92657717483985,86
636734,7503.145051354059,-595.9734376136988,85
637134,7306.357077044044,-679.6662877680617,83
637534,7166.278180491157,-699.5384477041586,83
637734,7058.666002437124,-701.4408499925783,83
638054,6883.854544862607,-682.6006190844157,83
638194,6806.564379544126,-667.1659067436638,83
638454,6660.612227301922,-632.3525579264548,83
638694,6524.84967154083,-589.4045841300529,83
638874,6422.128145533809,-552.5631930761182,83
639114,6283.153019338632,-500.30504252489334,83
639154,6259.422166339383,-490.98588934833975,83
639434,6095.401545766389,-426.5325261556416,85
639614,6013.732234659923,-394.6715214101022,85
639954,5830.270172614282,-319.6337190038388,86
640114,5687.885054618792,-263.7187999445181,87
640554,5528.876222852288,-217.8364349199084,88
640994,5397.008235885345,-184.92999157994774,88
641174,5339.3569334057365,-174.42631020603434,88
641354,5283.652915323202,-168.94339406034157,88
641514,5236.280943586088,-167.99666614903396,88
641674,5192.220252966173,-173.5334108691853,87
641894,5137.139901480413,-190.71348305195616,87
642233,5064.5967954171765,-241.95309431802602,86
642414,5031.389746794974,-281.1231328909281,86
642574,5010.368934392513,-315.76595965117656,86
642814,4987.975148848197,-369.4643615733489,87
642994,4978.113086914521,-408.7420872510957,87
643254,4969.597068857507,-490.51908546240577,87
643574,4970.638004263099,-562.016752931222,87
643794,4976.8971262631385,-625.9137277562372,86
644054,4991.775450236208,-706.3850610107097,86
644154,4999.120389750494,-739.1882904787282,85
644374,5016.242130169977,-816.2002765913315,85
644634,5036.863596651156,-914.5606096538303,85
644814,5045.702646066775,-985.6230554703671,85
645014,5047.080092441533,-1067.7455410725738,84
645214,5031.667806177145,-1205.1772020248616,84
645474,4999.699114326761,-1310.191499819853,83
645734,4958.617667087782,-1412.7649598022042,82
645894,4927.546347807149,-1471.8206379217631,82
646134,4870.195650609783,-1554.0149049418906,81
646334,4776.483666119416,-1644.137399153254,81
646774,4644.709886646757,-1730.1005950192236,81
646934,4576.267747165625,-1765.210045929846,82
647214,4446.409849591946,-1816.570793955393,83
647414,4362.1336818047075,-1839.0991659138192,85
647654,4235.555662850132,-1857.3201735021821,85
647814,4146.16899557329,-1864.1042514158837,85
648014,4032.1720555709107,-1866.4912306981391,85
648174,3939.47410717687,-1866.7918359803812,85
648334,3845.412162062704,-1865.629733859385,85
648693,3575.9958506168978,-1861.1742735087248,84
649054,3385.8259653083783,-1856.656008161875,85
649234,3268.4683888472427,-1853.9728668743528,86
649534,3028.831181379865,-1847.7271645730195,86
649794,2906.5515503736224,-1844.1646035592082,87
650114,2685.287919708106,-1838.5605206981115,87
650314,2446.332710600791,-1833.0461720983972,88
650614,2331.1198399029563,-1829.7303877923694,88
650814,2186.1772205682505,-1826.791493375333,88
651134,1878.6497587985957,-1819.590086740961,89
651414,1744.3319575972805,-1816.3146813547587,90
651814,1352.0033721267257,-1806.1519542269864,91
652134,1199.3119941235489,-1802.2349294005476,90
652414,983.6030610216459,-1799.654972029041,89
652614,827.3042698519298,-1797.734586941233,88
652754,717.6460967177088,-1797.442928124795,88
652954,549.3091353529202,-1795.809698664596,87
653274,185.78152345139122,-1791.6054882546214,85
653614,25.924674456692596,-1790.2683908437623,85
653834,-151.62375297980526,-1789.021027694286,84
653994,-280.33750127595033,-1787.356395735992,83
654294,-524.3628309530434,-1785.2026835950337,82
654354,-573.8795084534586,-1784.8885987022318,82
654654,-818.5868364906139,-1782.0035328596541,80
654814,-950.176644251679,-1781.6535422799286,79
655094,-1180.7504516720178,-1779.2620298529177,78
655333,-1444.5627102126539,-1776.4173429301661,77
655694,-1691.4147440131103,-1774.1649201060943,76
655974,-2040.1268369377601,-1771.1856168133056,75
656274,-2154.7070646170887,-1770.0145382705784,76
656534,-2363.349237410583,-1767.6813576068553,76
656694,-2486.458932801558,-1767.6274990764698,76
656914,-2644.220431374513,-1767.0711107087866,77
657074,-2748.225196262007,-1766.9768732585753,78
657314,-2961.0087145574334,-1761.668922446819,79
657734,-3100.0017935960727,-1750.447337025919,81
657994,-3221.0565174851295,-1732.0692570352287,81
658154,-3291.2305671536465,-1715.467969340578,81
658354,-3374.5106516880205,-1689.2110175002088,80
658534,-3442.7284405377322,-1657.1122124686167,79
658814,-3576.17129524566,-1547.7366917731763,81
659094,-3614.847780402996,-1500.3961225341568,82
659414,-3692.725706631329,-1380.2252916042914,83
659614,-3738.015777601332,-1299.399494537191,82
659694,-3755.9855352490094,-1266.9327760383383,82
659914,-3807.2161700933484,-1173.8713874099385,82
660174,-3875.49676393925,-1062.52615624106,82
660414,-3953.482377272427,-965.7003119997205,83
660734,-4082.9723314229195,-844.4346871338772,83
660934,-4240.926748173271,-727.8353636836271,84
661354,-4432.177947807209,-632.7145003644804,85
661674,-4575.007263876709,-589.5197498602947,86
661893,-4712.726080456606,-562.0692934008345,87
662114,-4866.337257105898,-543.9693926160222,88
662354,-5137.848918973448,-538.7332232221861,89
662734,-5285.963729822414,-545.589082553808,88
663014,-5547.393482313698,-555.5632748693048,88
663354,-5714.465157641474,-558.2194569357074,88
663514,-5827.681388600678,-558.5110857962186,88
663754,-5998.84505408883,-556.7791456529061,89
663914,-6114.789278488283,-554.1453597069407,88
664194,-6319.774682773682,-548.4021872429048,90
664354,-6438.446900613386,-542.8429864904631,90
664614,-6723.015242005237,-526.5378008892259,89
665074,-7088.530517223666,-498.20789474754963,88
665354,-7195.69849720369,-487.3901284808342,89
665594,-7378.258713446677,-467.5717671632692,88
665774,-7515.641019057408,-450.74612883719965,88
665994,-7669.884838725206,-430.50152228908644,86
666194,-7821.934597288146,-408.2109206607858,85
666414,-7987.969810443233,-381.18670943187334,85
666674,-8183.487995527408,-347.47262778354457,85
666914,-8439.336121189885,-298.91609789314305,84
667314,-8752.588772624187,-232.7891263204201,83
667654,-8911.943091781588,-196.800225727582,83
667934,-9109.112429213497,-149.58526648094238,82
668094,-9212.96015165459,-124.73269028052367,83
668293,-9335.033384872875,-94.99843845482341,84
668593,-9496.384343768908,-55.402124695445984,85
668814,-9609.977464617103,-25.9640049190851,88
668894,-9645.015134109804,-16.250009010078536,88
669114,-9728.344573985734,8.593590768609072,88
669334,-9784.286392354323,27.528029171056566,88
669514,-9842.906848821602,50.80123444166161,88
669814,-9928.273307355988,98.35717789036897,88
669994,-9973.828107877238,131.0796495187365,87
670334,-10068.042592248976,229.17975621881845,86
670694,-10112.116732523524,304.30278969763566,86
671054,-10133.725305835835,374.3960815265007,87
671354,-10127.582817406445,489.51024154122166,89
671694,-10107.383092966986,541.1626483832067,89
671894,-10078.752611498994,591.1055711141696,89
672054,-10051.198971123516,630.4730310532993,89
672354,-9992.681698572253,705.5511824234619,88
672514,-9933.531783002483,778.4846280303227,87
672874,-9841.273529493623,887.7614080867235,86
673074,-9789.78263833094,943.9814056611884,86
673454,-9676.651638444291,1083.6609562927927,86
673714,-9631.783309516008,1152.8478991301756,85
673954,-9587.686713209168,1240.4577741109772,85
674114,-9565.095506298625,1299.8095842798773,84
674474,-9537.200851765156,1450.2485694149088,84
674853,-9553.941199106817,1619.227150219934,86
675294,-9602.722019716786,1741.9195768020916,87
675474,-9660.386771851026,1833.083036374974,89
675894,-9754.305124173425,1939.6632554451462,90
676094,-9861.289132441854,2036.7942081575568,91
676414,-9946.547903871398,2107.6951382947905,90
676714,-10070.442781538452,2206.8317071675624,90
676934,-10165.496306716654,2280.9048288190565,91
677014,-10202.037062532418,2308.3597585114194,91
677314,-10339.136685748443,2414.3252874065474,93
677534,-10440.229485484093,2497.8072964959774,94
677794,-10549.99084253433,2596.450311953183,94
677994,-10636.703344945381,2686.5055279354538,93
678154,-10703.341762865279,2763.8315989408593,95
678474,-10827.299445528522,2942.2145939509187,94
678754,-10899.950208740676,3090.5044000897474,94
678954,-10940.250916980553,3212.9006946225654,95
679154,-10963.393979114024,3340.35813330343,96
679434,-10970.42930696841,3523.856101035994,98
679714,-10954.020937451158,3710.073085787078,98
679874,-10924.546911987874,3905.7393368959233,99
680274,-10894.547930610928,4075.915895552942,97
680494,-10863.87592729565,4224.8428179431785,94
680754,-10823.153417102201,4398.1825916927255,94
680974,-10779.317047157778,4559.385484564088,94
681334,-10675.078925261207,4869.892189714677,92
681814,-10528.372933329167,5221.368151810575,92
682134,-10475.244339473384,5344.747049985697,91
682334,-10415.237430253688,5482.744045771472,91
682514,-10369.866571488108,5586.582791790835,90
682834,-10271.219052842072,5818.040492170365,90
683034,-10177.789720790486,6041.897499906094,89
683334,-10125.975768313272,6168.152457546136,89
683574,-10062.886401840698,6333.635785522369,88
683874,-9998.908639220104,6524.559450608872,89
684054,-9967.621945729783,6630.305102105483,89
684274,-9936.424986500844,6753.742332043893,90
684494,-9879.029407194825,6938.528011889833,88
684854,-9824.79256974843,7032.859159788146,87
685094,-9743.948819837868,7119.185795888474,87
685314,-9651.223942178634,7181.041248866204,88
685474,-9575.764397730652,7214.490571007362,89
685674,-9472.235233415262,7241.299378070658,90
685974,-9305.20393700731,7263.060490640542,89
686274,-9086.165769944748,7295.033625767901,88
686394,-9021.14259868566,7313.281562621457,88
686574,-8920.7766494628,7350.813898501258,88
686814,-8789.792555455047,7414.163461380321,88
687054,-8659.194327758018,7486.724490331093,89
687234,-8560.914752535171,7545.555817819233,91
687434,-8375.711773924486,7662.199963466284,91
687794,-8252.032240511195,7739.247825309885,91
688033,-8111.926414693116,7820.6748329414695,92
688213,-8003.120732019991,7877.015967275412,92
688514,-7800.383217413909,7968.991508433638,92
688714,-7600.530738694478,8039.134125648133,93
689154,-7277.963407316524,8097.91606783879,92
689474,-7146.225533530789,8101.806133444109,91
689634,-7029.64866611283,8097.027641734842,91
689894,-6837.92633913969,8076.181794666319,90
690134,-6662.87708127912,8043.890041501402,90
690414,-6375.706386395325,7960.277889274837,90
690674,-6277.2742719149055,7922.171212183891,90
690974,-6070.426844260914,7827.920792169302,91
691174,-5844.878305257624,7701.885652015924,92
691534,-5702.946361757875,7612.732281836306,93
691734,-5575.829937235005,7524.803818773874,94
691994,-5412.17275689637,7409.420426019079,95
692154,-5312.147821831504,7335.881236702978,95
692354,-5188.836231841399,7240.302725655188,95
692694,-4914.071650575865,6983.777044909623,94
693114,-4727.0650103158005,6767.107904285854,93
693974,-4334.319215948281,6262.361689830879,93
694134,-4267.303908139392,6155.305870188602,93
694354,-4187.200518308106,5997.557821270281,93
694593,-4109.398876686523,5814.418790583246,93
694833,-3979.0115799222067,5516.237381299411,91
695154,-3917.856078148001,5383.207292211471,91
695434,-3821.1065484693377,5175.350301694055,91
695714,-3733.8062851484356,4980.55896712267,89
695914,-3671.1970523927225,4828.3745921896925,88
696114,-3590.200793180515,4594.88881961751,88
696414,-3538.41379992442,4436.714525468641,89
696574,-3492.459683437816,4314.1208095695965,90
696794,-3414.6490653945016,4151.500061447724,91
697114,-3204.391675896123,3830.718468831615,93
697454,-3097.8114867818776,3701.7624170605886,93
697654,-2981.091056528077,3579.527638207074,92
697914,-2772.143805219438,3383.3184483851787,91
698354,-2542.045628327131,3184.9555763782514,90
698534,-2423.606737540578,3091.6698371184325,90
698674,-2328.3557909961496,3023.2501237136657,90
698974,-2114.4595558772103,2887.716361860969,90
699134,-1890.8089459294388,2768.1153389974925,91
699554,-1674.8981182284072,2670.0107291085815,91
699674,-1580.7554152745897,2630.6387659806237,91
699934,-1374.7784309251554,2551.9845739860903,92
700194,-1167.0919624646995,2481.7611390200905,91
700354,-1038.1987456457894,2444.713350178198,91
700654,-793.17285948293,2390.1669010719047,91
700694,-760.1318297288592,2384.060318329437,90
700974,-527.7184250162904,2353.3030539856795,90
701213,-311.04033792671606,2337.953572717481,90
701453,-105.37293528125493,2331.479046551826,91
701614,39.61903939500787,2329.9535041964714,91
701794,188.26778257936652,2331.837953641429,92
702074,417.7243699873635,2337.975908926065,93
702274,563.0124767129663,2344.9304789408,93
702494,736.03369233681,2355.8693520110664,93
702674,869.4316948920102,2366.7768225832374,93
702914,1129.4570717433426,2397.3186528054534,92
703254,1254.7698046609062,2419.829071920418,91
703574,1432.0983846548133,2473.0697961580204,89
703734,1509.2180578722614,2513.5365232660297,89
703894,1582.492517637117,2565.458132892162,89
704234,1760.2204435523065,2751.7020169525117,89
704614,1862.1837165484424,2875.4981839364514,89
704794,1927.2338170727226,2955.3009684854946,89
705074,2057.6211737488925,3102.868367388509,91
705394,2147.043746712658,3191.7255755628603,92
705574,2223.055176339495,3261.240052947678,92
705814,2332.017901459021,3342.339526031828,91
706054,2452.327821991825,3403.939225880043,93
706254,2563.9018770250254,3438.250014904028,94
706534,2733.2259452209473,3464.8838266774624,95
706694,2831.1420802094362,3472.7851246035057,95
706834,2917.603332679801,3476.841209076957,94
707114,3169.8216190993753,3486.429535081731,94
707574,3389.5328081002704,3497.1530339423084,93
707674,3455.4757780054733,3501.2180948374908,92
707953,3738.3525881297646,3517.518717338046,92
708374,3944.612254873906,3528.004415912571,91
708594,4183.428374378282,3538.768293692974,91
708994,4473.905877146374,3549.8507295990817,92
709334,4628.939382279079,3552.219756037875,93
709594,4819.791265947661,3546.9701369894055,94
710394,5412.928004514759,3451.965877284981,96
710734,5662.184970440932,3376.7530795888547,97
710914,5894.086868894473,3290.8257294979553,99
711254,6036.9565638837985,3228.5260484902897,100
711494,6304.806954054424,3098.183543966847,100
711834,6444.5044575294905,3026.0891092105217,99
712174,6682.82252042947,2901.0231230448153,98
712334,6794.647825403356,2841.2226116130773,98
712634,7044.5598604244,2703.723612519844,97
713034,7278.440445773109,2573.1522841320807,96
713214,7401.958433551171,2503.74546389618,95
713414,7538.681166878203,2427.5096836379244,94
713654,7783.720502695695,2292.303456332662,94
714094,8065.34994967051,2131.0556513967194,94
714413,8176.147768893437,2062.093029234829,94
714593,8265.359440880417,2003.0822032679976,94
714894,8403.971126841236,1899.8940231546758,95
715014,8450.207925722545,1866.440197824689,96
715194,8514.374103331707,1819.6245844993318,96
715434,8587.504970304797,1766.1280771762883,97
715674,8692.689760200823,1678.2579458771436,98
716054,8745.836276944141,1619.7990050891665,98
716394,8811.626677635844,1497.92766647001,97
716634,8818.240263448512,1464.442438641929,97
716834,8816.948048146307,1407.1770024730433,97
717094,8795.227284540322,1332.228964284089,97
717274,8771.518857617439,1281.4066218268363,97
717654,8714.011117973672,1174.4540160565016,97
717814,8687.673408293651,1129.383792529089,97
717934,8667.334594251251,1094.009612067222,97
718274,8601.297386895838,985.9397862845448,96
718454,8563.060596623684,924.3041807494061,96
718714,8505.265701352308,829.389745174143,96
718874,8465.615559018472,767.8034949805609,95
718994,8435.621080830355,719.3232796528355,95
719274,8358.712278633768,603.8501825925855,94
719554,8234.059088043976,417.875501316383,93
719934,8160.075700653863,305.13039769638164,92
720054,8123.350973126504,246.27214094304912,92
720334,8035.660310350125,105.70419416342536,91
720494,7983.2810230394225,24.043859478690624,90
720834,7838.576174034842,-209.34317245445195,88
721093,7785.317466997851,-295.92556168429417,87
721454,7609.429138374891,-510.5351976613905,85
721834,7475.649742741871,-613.4092629259836,84
722054,7377.863720934591,-658.1070697973068,84
722294,7249.378796502767,-690.4122426609297,83
722534,7118.80749807093,-701.418423916214,83
722694,7031.130314905109,-699.771744801382,82
722854,6942.286556385391,-691.0089500365851,83
723094,6808.659729965869,-667.94661578684,83
723354,6606.716404013523,-615.6121806288656,83
723774,6426.318846377298,-554.1246111624697,83
723974,6312.48792524305,-511.234969129355,83
724154,6139.35454928146,-444.3407681240161,84
724514,6036.099090939047,-402.5279671834174,85
724814,5791.239223644319,-302.7048967617537,86
725194,5675.99495044839,-259.7658993870824,87
725394,5587.110813008845,-231.89817411880452,87
725654,5465.03757979056,-202.1639222931038,88
725914,5387.895480496749,-182.48915376730696,88
726974,5090.194174973847,-218.0831517158384,86
727114,5063.134088013938,-243.31709103815078,86
727433,5000.466493539011,-335.9387548254424,87
727733,4985.534311035556,-378.57711696194474,87
727934,4973.6666329415175,-434.7657120383149,87
728194,4968.372161740321,-505.3346044392852,87
728414,4971.122581256935,-568.4015148795678,87
728594,4975.7799062507975,-617.3842600445904,86
728834,4988.710945826791,-692.8348280708424,86
729014,5002.135538818353,-754.1518754802773,85
729234,5020.571920616405,-834.0399210578008,85
729414,5035.113733620308,-903.8864361788826,85
729674,5046.958955682056,-1010.4307495621313,85
729894,5043.701503139316,-1103.7119856331212,84
730114,5019.512972455497,-1249.327626906159,83
730294,4995.696858427768,-1323.4949560519376,83
730454,4970.081526027636,-1388.40146378445,82
730774,4902.868766896593,-1509.873456482324,81
731014,4835.624605267455,-1591.7222361115548,81
731194,4775.020958716177,-1645.501395873379,81
731314,4730.704514966747,-1678.6231834671012,81
731534,4641.102473480218,-1732.0972347578543,81
731754,4546.093800454743,-1778.3071043739724,82
731974,4442.851791766963,-1817.1540816323422,84
732294,4233.410957086831,-1857.952816520688,85
732674,4065.459862032765,-1865.5310531321984,85
732854,3962.137095505333,-1866.1681693836063,84
733034,3856.7189785561573,-1866.0245765918382,85
733314,3687.7000188313064,-1863.6599934300202,84
733454,3602.167541428787,-1861.3806712966825,84
733754,3361.79898025979,-1855.8169673554114,85
733974,3270.6130946105436,-1853.340223855847,86
734293,3059.2429283767992,-1848.081628385647,86
734514,2896.658085941851,-1843.8191161683114,87
734774,2676.807807338016,-1838.2643886487715,87
735054,2536.836597889974,-1834.7915618963425,88
735294,2366.453641444998,-1830.9642713312862,88
735594,2150.1120653245894,-1826.2396081964787,88
735814,1988.9405749513226,-1822.0264513206996,89
735994,1856.036125811689,-1818.8004012760541,89
736054,1810.8088598378756,-1817.2210303462407,90
736394,1557.038131753681,-1810.4817746293406,90
736614,1344.9366118183173,-1805.905177519203,91
736994,1098.9146424025935,-1800.1440522117055,90
737194,943.29784959294,-1798.9550208255166,89
737414,771.4028304031689,-1797.9050790422668,88
737614,615.1040392334528,-1795.9846939544589,88
737854,307.4285114391281,-1793.0233435051318,86
738254,105.85309895404191,-1790.9369395491917,85
738354,25.19332075507347,-1790.950389203825,85
738634,-200.40907677860113,-1788.0249444414214,83
738854,-379.3708562767806,-1786.7282259503884,82
738994,-492.5377318944274,-1785.606502749218,82
739194,-655.903283372552,-1783.4393409536267,81
739474,-984.0970937320393,-1780.4690140825687,79
739774,-1131.9157725316652,-1778.8447610441006,78
740114,-1412.7376111540382,-1776.8211620843504,76
740234,-1512.452964514931,-1775.4616385971274,77
740494,-1727.4798992567712,-1773.6130349272398,76
740713,-2025.2619626193243,-1770.9971718688098,75
741174,-2318.072616095213,-1767.847376474987,76
741234,-2366.9072952355655,-1768.2646452838042,76
741514,-2584.0789357407066,-1767.0486846324227,76
741814,-2866.3141264247615,-1764.975730331116,78
742054,-2924.992914655329,-1763.634159687355,79
742294,-3039.375720968431,-1756.809672897901,80
742594,-3189.4288397927403,-1738.1264844361394,81
742814,-3340.2536912384944,-1701.0203638309597,80
743134,-3420.509650283279,-1669.2087144269767,80
743474,-3537.297388722098,-1589.4238527654688,80
743654,-3589.079908745291,-1532.4276193807302,82
743894,-3652.5461351509293,-1445.3067946266665,83
744094,-3699.3976242072836,-1368.6716984030543,83
744254,-3736.0684932042577,-1304.420259765412,82
744454,-3780.577855131085,-1221.499112276567,82
744674,-3835.2678371172933,-1126.1943072017534,82
744894,-3897.123290095023,-1033.4694295425202,82
745074,-3958.256365792865,-960.5808360883863,83
745394,-4116.686383115321,-817.0784681246276,83
745774,-4267.9195269481625,-710.6193858139328,85
745974,-4372.875492979867,-656.7190593367051,85
746214,-4511.2179761565385,-606.6056145487811,86
746414,-4709.21737797318,-562.8993577855668,87
746834,-4902.303701666446,-540.5908033138045,88
746934,-4980.769418760557,-538.5582578882502,89
747153,-5130.78215866504,-538.9799999299694,89
747433,-5319.982889985888,-547.2312584798113,88
747594,-5442.55865304147,-552.1488098360898,88
747794,-5580.681288775551,-556.5234524352455,88
747974,-5706.667043631447,-557.7842352834281,88
748214,-5862.333191782657,-558.008555958921,88
748454,-6034.178855630872,-555.5452621139893,89
748614,-6150.8544337319445,-553.5934745280864,89
748854,-6326.110089380471,-547.473412175059,90
749094,-6504.143093810805,-539.8412870772371,90
749294,-6759.031041907341,-524.5725636486899,89
749774,-7017.279626462633,-504.2337196503655,89
749994,-7261.977978078057,-480.8303712426254,88
750374,-7477.628579416672,-456.31877924427494,87
750634,-7732.556906433035,-421.9451253122473,86
751034,-7993.62321868996,-380.9892880656471,85
751194,-8115.992583957584,-359.73514861003656,84
751434,-8299.472598846687,-325.7339113340986,85
751634,-8451.957579061907,-295.6451956957704,84
751874,-8634.607529566278,-258.1352559364063,83
751934,-8679.53866349075,-248.07577263650285,83
752154,-8844.546390894879,-211.88945067743757,83
752394,-9017.886164644426,-171.16694048398753,82
752674,-9282.402847621488,-107.44940422581058,84
753034,-9421.33759489684,-74.2961841780671,85
753254,-9533.56671902491,-46.320771804944556,86
753474,-9635.220380361146,-19.42220052433894,88
753753,-9733.948626890906,10.204364196518013,88
753893,-9785.699744416004,27.57738451261313,87
754113,-9856.111594370574,57.63019446401696,87
754274,-9908.199222864838,85.6280329135037,88
754574,-9997.846116504095,152.4369728903621,86
754894,-10048.412705831834,203.73044268681718,87
755914,-10134.519464533643,452.96050930372536,88
756234,-10110.456573798132,534.1945987579118,89
756394,-10089.238340029446,574.4908337648869,89
756634,-10048.224200975485,634.6143765552306,89
756854,-10005.26277752445,689.7171541173541,88
756994,-9975.712497410343,725.4772008899437,88
757174,-9937.969260553755,772.9792858082662,87
757454,-9829.52251492616,900.0867339094051,86
757614,-9787.588577226083,946.0274007413763,86
757774,-9744.824575141274,995.4767700567727,86
757974,-9692.306198227634,1060.85887836139,86
758294,-9619.736162899204,1173.653337322948,85
758514,-9581.49039620532,1255.8072254232497,84
758774,-9541.754992843003,1400.8799579391634,84
759114,-9536.016323567796,1484.1690188952687,85
759354,-9544.846396561685,1575.7497472769678,85
759514,-9575.796549126913,1682.2536817403911,87
760014,-9652.30150221339,1821.4800878321805,88
760214,-9707.879880347618,1891.3445557967245,89
760433,-9778.273777458726,1962.4339308784536,90
760593,-9835.857771753315,2015.3875294443742,92
760774,-9912.151853818934,2079.607565583922,91
760994,-10000.23732937184,2150.6072064042687,90
761174,-10075.948123760507,2211.2691847188344,90
761414,-10233.02312078457,2332.7905627141918,92
761854,-10408.610784213435,2471.2317865299037,93
762194,-10530.796177769467,2578.7991124312093,94
762414,-10627.837366264568,2676.997929814405,93
762574,-10694.525139526022,2752.910648758129,95
762814,-10786.388520346503,2877.8150892886056,94
762974,-10842.007277400557,2966.78448775663,94
763334,-10930.761271702966,3180.7301081730525,95
763534,-10968.248725474112,3383.687470221726,96
763934,-10968.118582336978,3569.76536536987,98
764194,-10949.37706211193,3741.750118821024,99
764294,-10939.990600750356,3807.930889012279,99
764454,-10922.788072535295,3915.583445986138,99
764694,-10893.08522320769,4077.2798922730667,97
765014,-10832.185414651145,4362.413568498405,95
765454,-10742.614745706784,4678.385236951226,93
765854,-10637.070958853374,4965.497600071733,92
766174,-10586.087070760892,5088.24385522835,92
766334,-10539.836792269021,5197.004655792821,92
766714,-10401.38208884275,5514.806945116141,90
767013,-10334.447508917585,5668.83539057425,90
767273,-10258.87577417593,5847.326042733226,89
767574,-10147.638200155969,6115.136053984027,90
767934,-10065.277884311783,6325.936382195455,88
768174,-10014.136953772899,6473.440976102279,89
768334,-9963.471623806121,6647.848614522612,90
768714,-9925.782215523992,6795.115408143383,89
768994,-9877.566699791585,6939.892008609958,88
769134,-9845.714671467776,7001.043037151261,88
769294,-9799.630411844038,7064.527216400361,87
769514,-9717.036798902629,7140.179679025742,87
769754,-9610.909754328197,7200.859580227842,89
769994,-9490.025522540174,7238.382939685913,90
770174,-9392.544609203966,7254.082351621983,90
770434,-9244.865020007279,7268.736324963633,89
770594,-9155.28093136421,7281.173811124061,88
770874,-8998.232833649412,7320.97198952664,88
771054,-8898.499527445058,7360.649031169743,88
771314,-8753.767779131213,7432.716506704948,89
771354,-8732.123300131976,7444.696345136733,89
771574,-8612.248601251451,7514.094158994976,90
771934,-8413.34732367623,7638.042865236488,91
772134,-8301.221383464175,7708.418809504134,91
772234,-8163.161552726284,7792.0398782405755,92
772594,-8030.46797460751,7863.820198148172,92
772894,-7788.878979554229,7974.250073947911,92
773354,-7532.680863312026,8057.283351818575,93
773533,-7405.856067649668,8082.571119715347,92
773753,-7144.812181469108,8101.756778102552,91
774134,-6877.352130842106,8081.80380041495,91
774534,-6671.307838307654,8045.599525612423,90
774734,-6438.616254389207,7982.285808508431,90
775174,-6211.003767462268,7895.09317238052,90
775354,-6086.4089385916905,7836.261814936453,91
775634,-5844.196306897562,7701.154298314305,92
776034,-5635.904124683792,7567.2313098895165,94
776214,-5520.579093648212,7486.082451507884,94
776394,-5405.936060972694,7405.664946827869,95
776574,-5292.854446383527,7321.056741304367,95
776874,-5073.421466544437,7141.462288831755,95
777174,-4937.25959481799,7008.643070764675,94
777474,-4778.699464314323,6828.344193855637,93
777634,-4655.850025241692,6679.008949122387,92
778074,-4387.604822294539,6337.098856998974,93
778354,-4296.719571883462,6204.445657800026,93
778594,-4204.290856229495,6034.946594314241,93
778874,-4112.6608024621655,5822.315615276387,93
779054,-4054.4800708359935,5685.144180686516,92
779314,-3966.547164496586,5488.20814035183,91
779574,-3875.0562003321957,5291.855387694093,91
779774,-3805.380207268074,5139.424236053333,90
779954,-3716.182014891655,4938.198784192045,89
780333,-3586.988222746429,4585.578642862688,88
780794,-3456.3317231979654,4234.322498253455,91
781074,-3384.0174709549765,4096.657510248017,91
781414,-3230.110192212271,3864.1633177398703,93
781534,-3165.0825477202816,3781.233193829295,93
781854,-2900.3684733329187,3500.29466172442,92
782234,-2659.605099387395,3283.163370183178,90
782534,-2510.377571714916,3159.7934184738597,90
782894,-2179.6038638957752,2926.7832165178556,90
783214,-2010.3830095717956,2828.893980838633,91
783434,-1836.5272563303172,2742.163495628194,91
783694,-1560.5332647587672,2622.149677188803,92
784094,-1178.982066635102,2485.7140395775264,91
784474,-976.5048083473628,2428.408194532888,91
784614,-857.1595685693276,2401.599357513664,91
784954,-562.2715175151563,2356.6322879463405,90
785154,-387.31199391596954,2342.032113223223,90
785314,-250.99755297602337,2335.1492946704816,90
785514,24.07216671650953,2330.4964129535947,91
785914,283.84179043832745,2333.4532003022396,92
786114,449.5988243875362,2338.985441833562,93
786354,736.03369233681,2355.8693520110664,93
786773,924.7992020053787,2371.918724570936,93
786953,1039.872983100274,2384.8811666450256,92
787174,1182.0965854164608,2405.385969599628,92
787394,1303.999326533712,2431.5531572226887,91
787554,1386.2294992407633,2456.2755902859726,90
787814,1500.5405241359445,2508.179247068643,89
788074,1650.5084118877003,2628.8839803779742,89
788354,1718.1877951691172,2702.9346459971775,89
788634,1817.8582963772822,2821.858113777567,89
788934,1961.9035730981639,2995.835003778522,90
789254,2048.0642202862864,3092.5890366460144,91
789494,2139.048211336404,3185.6369456638545,92
790434,2608.8419873712296,3448.7088141692875,94
790734,2835.382136394481,3472.6370585788354,95
791114,3041.5924477970657,3481.709405091679,94
791374,3303.7535539899677,3492.365595767238,93
791734,3450.504368118809,3500.6841625020984,92
791994,3628.496993629317,3512.156967907757,92
792214,3780.9012160048846,3520.2781132763907,92
792374,3979.3134133974418,3528.915238136955,91
792714,4138.053042379798,3536.107608437743,91
792934,4299.619375485519,3543.2012680554167,92
793273,4648.04431278256,3552.2601349577008,93
793654,4860.729120394872,3544.1254800225806,94
793894,5045.434042401162,3524.9397617235213,94
794094,5291.536769656536,3480.968775409062,95
794454,5460.587131879482,3438.980979178601,96
794674,5629.341362053088,3388.513070578049,97
794794,5720.222139231263,3357.0379321432324,98
795094,5946.371918754963,3268.481299295196,99
795274,6080.1288583556925,3208.62245610017,100
795494,6241.511219749819,3129.4029292721502,100
795754,6431.299711980519,3032.918069232878,99
795854,6503.560135649049,2995.0177899298897,99
796074,6664.063077316887,2910.8762085567614,99
796354,6866.85889373033,2801.9089802484073,98
796554,7010.549676682657,2722.599719159004,97
796734,7141.035714086014,2650.1194180919565,96
796994,7327.701370144009,2545.2531563657076,95
797174,7554.663261208981,2419.1686608707732,94
797434,7636.570372601498,2373.856133868479,94
797694,7806.621291310211,2279.4756006726825,93
797954,7964.149462830015,2191.1926737976232,93
798234,8118.702864201786,2098.7684014206316,94
798454,8281.924822888142,1991.1831226758636,95
798794,8372.253714887464,1923.642828997386,95
799074,8526.116141477441,1811.4316277568505,96
799434,8595.787661308661,1760.178536880221,97
799714,8667.357110195397,1702.4913287136894,98
799793,8686.55177496026,1684.8401291917162,98
800113,8778.859353854748,1572.6558572163738,98
800574,8814.641826703702,1482.9640814684608,97
800734,8817.096114170978,1411.4170586580885,97
801034,8804.694503741546,1360.1998734683825,97
801354,8744.203017528014,1228.5876396309532,97
801734,8683.186575400821,1122.4650982453509,97
802234,8610.271052681495,999.7771748520213,96
802394,8544.283200667638,893.1207011310269,96
802774,8486.537660737818,799.6196176174454,95
802954,8439.425915363121,726.9733276381938,95
803294,8327.353803725524,556.8326746680983,94
803554,8266.929625697012,467.6703580226762,94
803894,8161.587763398658,307.9077464781886,92
803954,8143.591076485788,278.8196172815537,92
804154,8081.358703663141,178.39983948423486,91
804414,7996.790877059464,46.213294391587276,90
804614,7928.806385306975,-56.83576616286882,89
804814,7864.963239056419,-162.8595968653577,88
805034,7793.559779081888,-282.7701714768802,87
805314,7631.419104765023,-488.6618947978341,85
805674,7540.879311788916,-568.9896352605389,85
805914,7432.410140084957,-635.955587727872,84
806174,7303.530372920681,-679.5675770849481,83
806333,7218.818983481163,-694.297835033347,83
806653,6979.616997666064,-695.8502467420412,83
807034,6824.107891961255,-671.3162286673265,83
807254,6700.571951339731,-642.9459735617511,83
807494,6578.01414112761,-606.8269597877045,83
807694,6465.448506030374,-568.2267292811918,83
807934,6250.358766292344,-487.1316994740172,83
808274,6135.163848437972,-442.7793500376642,84
808534,6014.463588361542,-393.98952305003957,85
808734,5844.937625566491,-325.0986823060698,86
809114,5703.9658596326835,-269.2331185883057,87
809354,5597.587565117567,-235.80171933468364,87
809594,5498.029254203075,-209.6838570972533,88
809834,5394.9128854636,-184.149282536772,88
810134,5312.601954916898,-170.66185459309426,88
810414,5207.865836327785,-171.2496155029453,87
810834,5122.028250454194,-197.9686883048602,86
811054,5074.153748879782,-231.6737635755317,86
811174,5052.845780849713,-254.27842014070768,86
811474,5009.6375806908945,-316.44795801123917,86
811754,4983.142828564472,-386.2765202888592,87
811994,4972.688502532115,-442.51447070678597,87
812234,4969.004804758827,-507.47931020258574,87
812574,4974.079398561506,-605.296734507961,86
812754,4982.7300030326305,-661.4943060060622,86
812854,4989.392944186854,-693.5661817724615,86
813153,5011.961695065106,-796.9472800631809,85
813353,5039.246102700508,-927.3794888920785,85
813794,5047.376224490873,-1059.2654287024839,85
814034,5030.689675767742,-1212.9259606933324,84
814254,5002.041241456289,-1303.9054485546208,83
814474,4951.6899963823125,-1428.7964094745382,82
814894,4867.220880461749,-1558.1562504438223,81
815074,4809.977870369227,-1617.005530775424,81
815234,4751.765706289034,-1663.0852872103337,81
815394,4689.461552048465,-1704.7769214355287,81
815674,4570.515628235786,-1767.8393286869825,82
815894,4402.102382264247,-1829.174298983953,84
816254,4290.241171603438,-1851.446917812865,85
816494,4127.06406506981,-1864.1446303357093,86
816934,3851.0655703094308,-1865.8271552256117,85
817274,3706.804949334787,-1863.6196145101944,84
817494,3570.342442370171,-1860.976852142498,84
817674,3366.039036444835,-1855.9650333800816,85
818074,3193.5607295781147,-1851.3570337718493,86
818374,2949.6834659256915,-1844.9632654458458,86
818634,2809.7122564776496,-1841.4904386934168,87
818974,2496.5313864612685,-1834.0916106928182,88
819374,2276.6811078574337,-1828.5368831732783,88
819613,2097.8180390423677,-1824.4134605588818,89
819813,1946.5400131008726,-1820.5457910739995,89
819994,1793.8486350976955,-1816.6287662475606,90
820174,1655.2907777113353,-1813.2052948366884,90
820434,1373.93500675357,-1806.210285990274,91
820794,1183.7651214450505,-1801.6920206434243,90
820974,1039.5045004704068,-1799.484479928007,89
821154,893.7811720925249,-1798.6409359327147,89
821434,581.8655881131552,-1795.5315194587179,88
821734,413.5286267483666,-1793.8982899985187,86
821954,217.60662251000704,-1792.0093074088056,85
822154,50.68301320690016,-1790.4254332901633,85
822354,-116.24059609620683,-1788.841559171521,84
822574,-300.8557838411129,-1787.347419314261,83
822934,-604.9732538104553,-1783.802781187985,82
823134,-774.0415688768629,-1782.8515500878484,80
823294,-909.1400791213539,-1781.6714951233905,80
823394,-993.9905581638109,-1780.123526691672,79
823754,-1402.1127930206474,-1776.4846511151845,76
824014,-1520.933076885021,-1775.1655065477873,77
824194,-1673.7231655713113,-1774.0751858447118,76
824414,-1861.1650574395806,-1772.4823353043387,75
824734,-2120.0552614351095,-1770.5170681078762,76
824954,-2404.385802540908,-1767.6634047633934,76
825334,-2600.3571621208243,-1767.1877742353618,77
825534,-2802.66392830753,-1765.7833686394845,78
825854,-2938.3950815705266,-1762.4586079117253,79
826233,-3152.829752213687,-1743.649779501658,81
826614,-3298.9299704805603,-1713.076486869494,81
826774,-3366.811248361106,-1691.602499971293,80
827034,-3465.629229152248,-1644.2843568086373,80
827194,-3550.9867112649044,-1576.2101307947673,81
827654,-3643.1462241347244,-1459.7858026343797,83
827874,-3726.0359391695474,-1321.0439735364262,83
828134,-3753.356252491873,-1272.6848949681785,82
828514,-3844.618392791942,-1110.3019471323585,82
828734,-3934.4357785322336,-987.591567706739,82
829034,-4017.105646124466,-903.3378259958643,83
829334,-4146.3084446473495,-794.1103713250935,84
829554,-4299.834360268161,-692.5239882179496,85
829934,-4521.694728265259,-602.702069332902,86
830354,-4706.390673849817,-562.9980684686803,87
830534,-4870.577313290943,-543.8213265913521,88
831014,-5209.3959417838205,-541.1875106894599,89
831414,-5426.962425021416,-551.2783665315316,88
831594,-5634.4873778025685,-557.4746535794551,88
831894,-5761.155131018526,-558.004082726019,87
832094,-5905.465107334727,-557.2098940722834,89
832434,-6153.6811378553075,-553.4947638449734,89
832594,-6273.134064738187,-550.0309135142751,90
832753,-6393.950988341192,-545.104355780339,90
832973,-6559.945822576453,-537.1850750549074,90
833134,-6698.306258596586,-528.1081953973085,90
833514,-7056.072775146544,-500.7564196650346,88
833854,-7245.749107039496,-482.10463370136813,87
834134,-7469.148467046583,-456.61491129361474,87
834254,-7645.956564359731,-434.16726721891337,86
834594,-7821.934597288146,-408.2109206607858,85
834834,-8015.406787292133,-376.6909001173141,85
835114,-8241.139298007016,-336.9689464096312,85
835374,-8448.44887657848,-296.4752600805027,84
835594,-8621.986071694255,-261.4061581337798,84
835774,-8801.710607392148,-221.16822493416524,82
836094,-8977.87708526506,-180.3470040576021,83
836334,-9134.355344957541,-143.04346208619532,82
836494,-9231.185662431782,-119.85101465524211,84
836674,-9333.620032811194,-95.04779379637998,84
837034,-9520.945261152889,-49.591674002318086,85
837254,-9682.14815402425,-5.755304057896238,89
837534,-9731.1712781091,8.692301451723107,88
837834,-9835.207445494687,48.40975197057694,88
837934,-9865.856992777673,62.21573803995915,87
838174,-9933.096651217984,102.0633017400223,87
838454,-10001.987462006027,155.41174303839537,86
838654,-10067.360593888912,228.44840251719927,86
839034,-10102.914242873547,284.17037344319573,87
839313,-10131.876732121875,366.5486121749161,88
839734,-10125.290045618473,494.38294074477216,89
840074,-10105.871030222192,543.9399971650137,89
840354,-10050.467617421898,631.155029413362,89
840674,-10008.9689013741,684.8938102553602,88
840914,-9960.156648310112,745.4525746979828,88
841054,-9929.143660792768,782.5766181906984,87
841334,-9831.716576031016,898.0407388292182,86
841574,-9733.755558933874,1008.5334495810735,86
841934,-9679.675763933881,1078.1062587291797,86
842114,-9639.294267898425,1140.3745072828242,85
842334,-9597.638509404229,1218.8716268750302,85
842654,-9555.332155048063,1336.2606058342603,84
842834,-9536.518853405094,1449.5172157132897,84
843274,-9552.141980734414,1609.9663288066681,86
843634,-9612.072575391434,1757.8119368714872,88
844054,-9676.606666467856,1854.8755813988791,89
844254,-9735.84181311018,1921.3300575631104,90
844414,-9788.553108201218,1971.9908843410594,90
844954,-9994.731987149782,2146.169728852997,90
845134,-10069.760783178388,2206.1003534659435,90
845194,-10095.923497568547,2226.8250338190637,90
845554,-10256.457841734478,2350.5898282608355,92
845734,-10339.818684108504,2415.056641108167,93
845893,-10468.388839612882,2522.1393900156368,94
846314,-10629.201362984693,2678.460637217643,93
846574,-10735.148909080432,2805.271983225369,95
846814,-10827.299445528522,2942.2145939509187,94
847234,-10931.393914721471,3182.8748139363533,95
847514,-10963.0081128033,3331.1466672317206,96
847714,-10971.286300618336,3458.792550857081,97
847994,-10961.361403732542,3641.698254490965,98
848154,-10949.179640745702,3747.4035270677505,99
848334,-10930.900271438124,3865.6315468334437,99
848594,-10885.269156354201,4118.751679055671,96
848994,-10845.417089465309,4307.687680825274,96
849274,-10796.986199523213,4499.1542546689,95
849494,-10752.131320249564,4649.000975705251,93
849674,-10711.040896588853,4772.092718252765,93
849914,-10615.408527010677,5018.514003633844,92
850254,-10509.833337659173,5266.003153685708,91
850634,-10436.801151413272,5432.554346332726,91
850954,-10339.813761536703,5656.994641745404,90
851154,-10279.708141633893,5797.818341654543,90
852074,-10005.302377590182,6503.5565910498735,89
852314,-9983.729680008868,6574.264573053782,90
852533,-9950.338659675072,6699.74779807238,90
852854,-9886.055788583406,6919.669858094136,88
853214,-9819.62373849554,7039.046500370266,87
853474,-9736.684638163233,7124.5924274274175,87
853714,-9635.380937450796,7188.97845247917,89
853874,-9488.612170478493,7238.333584344356,90
854334,-9320.849520368924,7260.776695274302,89
854474,-9247.009725770578,7268.1036819451265,89
854734,-9040.444950555368,7307.587775454905,88
854874,-8966.694890218405,7332.606340567529,88
855114,-8776.825610192129,7420.78602361472,88
855474,-8654.855560889859,7489.403128429787,90
855814,-8486.424362074858,7591.7746638570825,91
856014,-8358.356706451852,7672.914515861057,93
856334,-8227.462346705483,7753.955657181919,92
856494,-8142.979781130287,7802.655719952235,92
856794,-7905.967353231217,7923.858479910035,92
857274,-7713.616856472473,8002.045987842342,92
857434,-7618.419738502504,8033.390983140024,92
857594,-7521.27533613546,8059.715213209485,93
857794,-7395.9132478763395,8083.638984386132,92
858054,-7225.521315009632,8100.329976386238,92
858274,-7078.384634570069,8099.437077049389,91
858454,-6956.302424930053,8090.2211077888505,91
858754,-6684.660649881294,8048.188429449735,90
859033,-6561.85606296139,8019.136175984097,90
859353,-6346.371480490907,7949.347962670376,90
859574,-6186.640271444514,7883.629313440666,90
859794,-5952.364843363352,7764.364801546356,92
860114,-5850.433002821237,7704.909777505514,92
860294,-5736.857834816504,7634.435092598828,94
860614,-5452.904213555624,7438.436773797793,94
860894,-5365.9359580150585,7375.966600689093,94
861214,-5173.0515588768485,7226.30829464131,95
861414,-5057.6861489214425,7126.054505756196,94
861554,-4978.960205464915,7050.428942440081,94
861734,-4882.749081354546,6948.72142257346,94
862034,-4679.621257160766,6707.433032802422,92
862354,-4571.143138991003,6572.0428637414925,92
862634,-4377.522912918272,6321.8884952896415,93
862954,-4279.96574493124,6177.681702889457,93
863194,-4192.45908382238,6009.062059129961,93
863354,-4140.070850045874,5888.366272286434,93
863734,-3998.0985575822256,5557.23356750991,92
864094,-3859.2805037893754,5257.342674115053,91
864534,-3740.9627797182266,4998.497322272253,90
864594,-3721.341869722815,4952.529726175089,89
864894,-3592.7313652545386,4603.467642670714,88
865234,-3539.728441302988,4439.59058493356,89
865553,-3435.1987504577587,4191.132250938098,91
865633,-3403.351225322779,4130.586936150108,91
866454,-2956.4897602242704,3554.6122570104653,92
866594,-2845.5618278201355,3448.8531259032948,91
866854,-2689.128450236309,3308.9581711060755,90
867074,-2542.7276266871936,3185.6869300798708,90
867254,-2420.829388758771,3090.1577743736375,90
867474,-2266.8188961441238,2982.186629318148,90
867754,-2065.1986315063095,2859.8172340945957,90
868014,-1809.3864115307563,2729.187573943545,91
868294,-1686.0568686971906,2674.64562802608,91
868554,-1520.0396083855655,2606.5848516668425,92
868714,-1422.9714906252714,2569.9408819791347,92
869034,-1239.1639411887338,2504.7965440046432,92
869234,-1057.1062547830436,2450.326379505099,91
869594,-946.2904827166551,2422.4003224735334,91
869714,-888.0065372185409,2409.751935336319,91
869974,-767.8312330557733,2386.451800800521,90
870274,-636.2010463748824,2366.9968797173146,90
870434,-568.5575687803889,2358.974415075868,90
870614,-493.11597717586795,2351.3871720867,90
870774,-428.2004930216246,2346.29012225173,90
870994,-340.6713758804744,2340.403386951853,90
871294,-224.09450846251517,2335.6248952425867,90
871454,-163.3203698102034,2333.5026155556498,91
871614,-103.22822951795395,2332.1116895703317,90
871954,56.62861947674447,2330.7745921594733,91
872253,109.7033548021422,2331.0437949436205,92
872413,161.3647380658581,2331.3623530693244,92
872774,279.6017342532826,2333.60126632691,92
872894,315.71624483850013,2334.462733209737,92
873154,410.65760967895517,2338.2226856338484,93
873414,463.09970198584705,2340.6365941812965,93
873674,539.6181346828838,2343.6248139839627,93
873834,586.4068187430488,2346.2361438976377,93
874094,662.29260842158,2351.369069463605,93
874394,752.3612740584842,2357.4217936756872,93
874574,806.9974274702336,2361.8816973033227,93
874674,837.5078851502809,2364.3539376140584,93
874974,970.2732446869754,2377.40611394953,93
875334,1046.989098750239,2386.047741998924,92
875654,1149.392066631556,2400.867734208705,92
875714,1167.9137094580876,2404.466170953513,92
875974,1246.9716906508786,2419.393850268139,92
876254,1330.4671493949413,2439.826871804821,90
876474,1420.010859118184,2471.36928846873,90
876774,1473.2426368899826,2496.3968300030847,89
877034,1538.324139912358,2536.5764014834845,89
877274,1595.8049502909323,2581.974159558332,89
877594,1667.5269683911679,2650.2233509061384,89
877654,1680.7406903618694,2663.912673448945,89
877934,1739.6438292238563,2729.779358747398,89
878214,1822.3451292701102,2828.776808061305,89
878614,1879.2516283934663,2898.250906526297,89
878793,1916.896154566941,2942.9262873212565,89
878993,1958.978158291687,2993.107010338272,90
879194,2006.8616362878297,3047.3303681741063,91
879394,2051.7209887943823,3095.999028446327,92
879614,2100.9191081690938,3147.346326817241,92
879794,2140.461563398085,3185.5875903222977,92
880094,2220.8117598930808,3257.7807058058092,92
880394,2284.094044543052,3307.221098699475,92
880614,2339.1833724505423,3344.919453447408,91
880774,2380.3276246857117,3368.246487292472,92
881114,2500.9247008461252,3417.8080169456152,93
881374,2545.963521875443,3431.0935203342374,94
881654,2627.2155641730915,3448.0671947290507,94
881874,2692.6246017429016,3457.103665510897,95
882094,2759.3976360328365,3464.677428889505,95
882334,2869.351941216398,3472.865882443157,95
882954,3028.0915701987547,3480.0582527439446,94
883234,3126.5909928641927,3484.401492845005,94
883614,3249.8981096213943,3490.001042561347,94
883814,3320.081135711642,3493.918037431859,93
884034,3400.8889799352805,3498.171543271537,93
884274,3509.3805777156035,3504.996000105064,92
884614,3634.150401876044,3511.95954654153,92
884834,3731.285827821356,3517.765494045829,92
885014,3814.2383778082954,3522.651642904013,91
885213,3909.1797426487506,3526.411595328124,91
885453,4101.207178092962,3534.5641431948525,91
885854,4250.0039873019905,3540.688648824855,92
885994,4326.571775340584,3545.0902206892033,92
886214,4448.416184694548,3549.32577368542,92
886474,4606.276393950616,3551.5960894411,93
886654,4710.963157198172,3550.7704982892697,93
886834,4817.646560184359,3546.3374939709,94
887154,5096.117295255474,3517.509561180754,95
887514,5306.253577950302,3476.917164168513,95
888014,5538.312518850244,3415.7481528278213,96
888194,5711.109383842668,3359.4787699558724,98
888614,5917.7683665521645,3280.0932242597205,99
888914,6031.352510978628,3230.1368219181973,100
889234,6261.684014924086,3119.5004884186474,100
889574,6357.625936250308,3070.867703877423,99
889774,6451.423151813228,3021.602276317694,99
890074,6592.484652008419,2948.0451341581306,99
890154,6630.003538233587,2928.338963134239,99
890374,6734.9101489237355,2873.0252845953296,99
890634,6920.992517304782,2771.717080694063,97
891114,7072.333348242467,2688.602985071894,97
891274,7138.940363664269,2650.900127135132,96
891434,7203.5013840058855,2615.391330303228,96
891674,7295.104538463949,2564.079907663311,96
891853,7361.02955552569,2527.108403428168,95
892113,7450.5373595620085,2476.5776898314266,94
892414,7577.564049823496,2406.340805210794,94
892794,7667.121209201372,2357.223443675734,94
892954,7706.686090506728,2335.3232115469846,94
893194,7772.611107568469,2298.3517073118423,93
893374,7857.977566102856,2250.795763863134,93
893854,7966.195457910203,2188.9986126927656,93
894114,8011.265681437615,2162.6609030127443,93
894474,8118.702864201786,2098.7684014206316,94
894754,8165.769727467829,2068.823278574071,94
894954,8212.105237032252,2038.1961573674478,94
895214,8272.91077818266,1996.4506646118675,94
895474,8334.299607010016,1951.1471140313054,95
895694,8401.193778059429,1901.4060858994706,95
896014,8463.313960588403,1856.78453367897,96
896334,8535.080830841367,1804.7507337591649,96
896514,8573.716937078876,1776.5150950236264,97
896714,8609.57569453458,1749.791519032883,97
896874,8639.830399085113,1724.6787164700472,97
897214,8713.83170936276,1655.5859811269493,98
897634,8773.40336697425,1578.5066868293272,98
897874,8786.065203766097,1556.1308541284723,98
898214,8811.379900928061,1490.860906161602,97
898314,8814.928982331312,1470.9259112733885,97
898553,8816.077604841748,1422.7732304930985,97
898753,8809.042247031435,1383.3967941322385,97
899054,8787.034327797843,1320.486926138357,97
899254,8758.740357299017,1259.9191852740023,98
899514,8745.912501639037,1237.0183966594864,97
899834,8711.866412210371,1173.8213730379955,97
899954,8698.257847507215,1148.8252340017352,97
