date,x_rotated,y_rotated,z
600394,-7801.065215773971,7969.722862135257,92
600774,-7621.977796327486,8032.807695463075,92
600914,-7524.102040258823,8059.813923892599,93
601074,-7371.056198443019,8086.308646063094,92
601334,-6946.3102498151675,8092.702324521318,91
601634,-6635.489459771776,8037.980880125161,90
601914,-6521.214340563518,8007.811406647182,90
602274,-6268.892870227929,7919.048376011187,90
602934,-5819.93152156292,7686.863735251088,93
603254,-5526.084435870269,7490.519929059155,94
603634,-5299.041786965646,7326.225572557259,95
603974,-5175.779552317099,7229.233709447787,95
604214,-5033.668140294585,7104.69718238457,94
604334,-4965.952881282171,7037.946574170999,94
604514,-4867.745117433171,6932.631641137838,94
604894,-4465.39301426149,6439.57810948704,92
605054,-4386.922823934477,6336.367503297355,93
605214,-4312.791400475622,6230.478259008976,93
605434,-4224.741830609639,6077.405487927978,93
605634,-4156.380478924086,5927.850395752138,93
605834,-4093.0892478083106,5774.934667117542,93
606054,-4021.0307486948363,5609.684636238533,92
606334,-3925.743926419411,5400.463649000992,91
606414,-3898.0871021279195,5341.479752299353,91
606634,-3821.7885468294,5176.081655395674,91
606854,-3746.903343592562,5010.732913833552,90
607054,-3682.9301141167243,4857.085831497337,88
607354,-3599.1071507811535,4623.501348242041,88
607514,-3521.0363063754226,4387.287582229608,89
607954,-3371.988277181635,4076.4263833104637,92
608354,-3242.9694503703454,3880.885742193998,93
608514,-3161.7219112615257,3776.163073259517,93
608814,-2992.0523856306336,3589.8159453712988,92
609094,-2872.159763862573,3477.3759202664423,92
609514,-2649.9584116634064,3275.751122483873,90
609794,-2495.225541768871,3147.943693223283,89
609974,-2376.6879402992045,3057.4846580868275,90
610234,-2209.373991452473,2945.511257132345,90
610534,-1902.6496947582848,2773.4815916166103,91
610814,-1780.8322146695139,2716.1622969173386,91
611014,-1627.4857675714672,2649.959070693793,91
611194,-1487.245355339278,2593.411508615967,92
611534,-1220.2564320514796,2499.183514677742,92
611694,-982.1088612525327,2430.018967960796,91
612114,-755.2097751837517,2383.180898603148,90
612294,-250.31555461596085,2334.4179409688622,90
612694,-13.455695930389645,2329.684301412324,91
612954,141.52845386075802,2330.639975789436,92
613234,402.1281419673085,2337.105465621507,93
613574,642.4069688749232,2349.2333401220353,93
613814,858.0755230570002,2365.7583132540094,93
614154,1039.872983100274,2384.8811666450256,92
614394,1187.7993490047443,2406.6019002950834,91
614554,1280.4569184789596,2426.007436080806,91
614894,1457.3009214790309,2485.6329222667546,89
615074,1538.907427589307,2533.018343658502,89
615234,1608.0405418522316,2587.914723432668,89
615474,1705.606716216921,2687.10061769107,89
615554,1736.5703483927098,2722.8113091221035,89
615773,1818.589650078901,2822.540112137629,89
616154,1993.5985589755712,3032.227693569618,91
616494,2107.550646825223,3154.8976641194854,92
616714,2177.760602180663,3220.3695066854852,92
617394,2443.017645237003,3400.726655445958,93
617654,2591.0023429047606,3444.37902372286,94
617874,2725.4278312109204,3464.4486050251835,95
618074,2848.151660291173,3473.606212566507,94
618254,2963.660663038347,3478.7705406305695,95
618614,3200.282721437866,3487.4884233307853,94
618734,3280.359211959885,3491.0599308104006,93
618994,3456.2071317070922,3501.9000931975534,92
619194,3688.737199946236,3515.0060981074844,92
619594,3870.9205263002323,3524.917485426791,91
619754,3985.6981753457876,3529.3998151307906,91
619994,4159.302678646581,3536.780630376074,91
620194,4448.465540036104,3550.7391257471013,92
620414,4761.843831418712,3548.9937059932295,94
620814,4956.639639222999,3535.1159085500003,94
621054,5136.9070836780165,3510.4248480288843,95
621334,5436.757568197121,3445.4734282317904,96
621594,5541.139222973607,3415.6494421447082,97
621854,5733.525595463347,3353.0356762442398,98
622054,5879.419415942264,3296.2906928001867,99
622293,6052.9880135561325,3221.59837778482,100
622493,6194.928933477612,3152.9632901703644,100
622754,6392.367473693669,3052.6735955983268,99
622874,6477.150644551108,3008.6757099746014,99
623214,6789.093127839744,2844.2467371026673,98
623574,6959.193401890013,2751.2795559685524,97
623834,7143.131064507758,2649.338709048781,96
624054,7383.248345780143,2515.011901469808,95
624374,7524.112424609108,2435.801351063518,94
624694,7749.710318953952,2311.1795629718217,93
624874,7873.959660433633,2242.4547410959826,93
625154,8129.080905627393,2092.0381520813885,94
625494,8285.38417003001,1988.9397062294495,95
625874,8389.501095255253,1911.012394703633,95
626094,8468.137304450398,1853.0784098293177,96
626254,8521.974795975508,1814.4063979048838,96
626614,8672.813097075896,1696.640499100736,98
627014,8765.416808019727,1592.9363394954835,98
627294,8797.412399179377,1536.6310808925384,98
627474,8813.475251349804,1490.0801971184255,97
627814,8814.408499650553,1395.2375429610838,97
627994,8799.130829756201,1342.70571639281,97
628973,8635.047344275165,1040.6566975359458,96
629173,8593.0550748118,972.7843960771307,96
629394,8509.752534245137,836.3084394578813,96
629834,8443.132039212773,731.7966715001877,95
629954,8413.967625409388,686.8251586558883,95
630314,8305.749703646115,525.747905732833,94
630674,8227.378194046289,408.91081195245687,93
630874,8172.80484563073,325.2044821875348,92
631094,8068.629558686274,158.3257549930817,91
631434,8004.252480100326,57.27333417725732,90
631654,7928.075031605356,-57.517764522930975,89
631934,7837.113466631604,-210.7071691745767,88
632054,7797.315258273097,-276.53347555320454,87
632394,7673.303687123543,-444.1345800275452,86
632614,7545.949432358693,-565.6289988017829,85
632914,7456.199324847493,-623.3431062775811,84
633174,7329.217486738733,-673.3892129245601,83
633414,7146.441896286057,-700.2608249840466,83
633854,6957.052720020713,-693.6472092154527,83
633914,6923.280336565023,-688.2226248330476,83
634114,6808.659729965869,-667.94661578684,83
634434,6550.725230303379,-598.0910942881004,83
634874,6382.31648752067,-537.729721255777,83
635034,6292.9477730872895,-503.4772340391533,83
635294,6147.053952608374,-446.7322505951003,84
635493,6035.367737237428,-403.20996554347954,85
635753,5840.06492636294,-322.80591051809876,86
636094,5676.726304150009,-259.0839010270198,87
636334,5534.529631099014,-218.03385628613512,88
636534,5446.130070653307,-196.55089296620307,88
636734,5310.506604495154,-169.88114554991807,88
637134,5189.393548842809,-173.43470018607218,87
637534,5124.222311559051,-195.92269322467283,86
637734,5081.417930554418,-226.26713203658832,86
638054,5028.41497664694,-285.26447839285987,86
638194,5011.1496434356895,-313.6706092294326,86
638454,4988.65714720826,-370.1957152749681,87
638694,4975.3761170525395,-426.3349550097817,87
638874,4970.2386882977435,-472.145508660544,87
639114,4969.381694647818,-537.2090588394578,87
639434,4978.063701617038,-633.0298434062022,86
639614,4988.760301168349,-691.4214760091605,86
639954,5015.658842493028,-812.6422187663492,85
640114,5039.8293903774575,-930.9375467170612,85
640554,5044.827699573388,-1091.7231707796057,84
640994,5011.607171340625,-1273.1078352469642,83
641174,4984.766931823307,-1352.8298619563557,82
641354,4951.6899963823125,-1428.7964094745382,82
641514,4915.548556531902,-1491.2127240528532,81
641674,4873.8524191178785,-1550.6049131415782,81
641894,4803.395687054654,-1623.1435160159863,81
642233,4672.106484575832,-1715.4914738303019,81
642414,4586.358632963624,-1759.9021250740159,82
642574,4514.50650168218,-1791.3548074765422,83
642814,4399.957676500947,-1829.8069420024588,84
642994,4319.387632563361,-1847.511970098891,85
643254,4149.727053398273,-1863.5209637389344,85
643574,4007.4137168207035,-1866.334188251738,85
643794,3885.71737349141,-1866.3296850629094,85
644054,3732.245286445057,-1864.5080106582145,84
644154,3673.5664982144895,-1863.1664400144537,84
644374,3544.902105259901,-1860.088455994478,84
644634,3389.3840231333606,-1856.0727204849259,85
644814,3274.8531507955886,-1853.488289880517,86
645014,3143.362053717637,-1850.3115951774282,86
645214,3011.1889582796225,-1846.4035467727201,86
645474,2835.15259358792,-1842.378834841437,87
645734,2654.876172711172,-1838.2060568854838,87
645894,2542.490006136701,-1834.9889832625693,88
646134,2372.107049691725,-1831.1616926975128,88
646334,2154.3521215096343,-1826.3876742211487,88
646774,1906.2348016721667,-1819.8458398704752,89
646934,1787.4638731493496,-1817.1133432413965,90
647214,1578.2384126789061,-1811.2221047526907,90
647414,1426.9603867374108,-1807.3544352678084,91
647654,1245.2706137989812,-1803.1323019702986,91
647814,1123.6729811528012,-1800.3010946581064,90
648014,972.2962445281926,-1799.2601292965876,89
648174,848.5045507771548,-1798.474917064583,88
648334,723.2995049644354,-1797.6403494910217,88
648693,378.8768235663873,-1793.3957601612212,86
649054,153.2250706911562,-1791.8836674604995,85
649234,8.233096014893388,-1790.3581251051448,85
649534,-283.1642053993138,-1787.2576850528787,83
649794,-428.88753377719576,-1786.4141410575864,82
650114,-689.1417344928494,-1782.9861664578855,81
650314,-964.9921632285583,-1780.4286351627427,79
650614,-1095.8506172880043,-1779.3966462229548,79
650814,-1259.2161687661287,-1777.2294844273633,78
651134,-1605.101557567415,-1774.348891817688,76
651414,-1752.2382380069787,-1773.455992480839,76
651814,-2209.8771503642306,-1769.50303201155,76
652134,-2371.1473514206104,-1768.1165792591344,76
652414,-2575.598823370617,-1767.3448166817627,76
652614,-2705.043925368381,-1766.3621830835316,77
652754,-2788.530407690713,-1766.276922055051,78
652954,-2987.1804053693227,-1761.4625246588612,80
653274,-3214.72111087834,-1732.9980321030746,81
653614,-3301.756674603924,-1712.9777761863809,81
653834,-3390.5421013603545,-1682.2833467947394,80
653994,-3450.37848852309,-1653.307377935851,80
654294,-3548.940716184717,-1578.4041918996247,81
654354,-3565.9906751862795,-1560.1203493591456,81
654654,-3646.50686059348,-1454.7156820646026,83
654814,-3685.3717906953116,-1392.510238507147,83
655094,-3751.3596127532423,-1276.2923081347174,82
655333,-3830.592559279969,-1134.1404872364512,82
655694,-3919.4811699524157,-1005.094701204042,83
655974,-4082.9723314229195,-844.4346871338772,83
656274,-4144.213094225605,-794.8910803682693,83
656534,-4267.2375285881,-711.3507395155519,85
656694,-4350.607347383857,-667.4022092333835,85
656914,-4472.720959521967,-618.5630269042023,86
657074,-4565.1631547864945,-591.2785893128734,86
657314,-4797.231072108166,-550.6278605373442,88
657734,-4971.557952688848,-538.1723915775274,89
657994,-5139.993624736749,-539.3658662406921,89
658154,-5244.146455648914,-543.5116849755259,89
658354,-5373.838334354461,-549.5958116857028,88
658534,-5490.7113338217605,-553.2974323465265,88
658814,-5765.395187203571,-557.8560167013488,88
659094,-5863.746543844339,-557.9592006173643,88
659414,-6092.175645501377,-554.9350451718475,89
659614,-6237.800263196145,-551.2647970531918,90
659694,-6297.161049786775,-549.1918727078117,90
659914,-6461.060533600293,-542.0533010255563,90
660174,-6655.27305372763,-531.7335614073095,90
660414,-6836.66669461672,-519.03131573971,90
660734,-7080.050404853576,-498.5040267968895,88
660934,-7340.196918464386,-471.7310655086627,88
661354,-7731.825552731415,-421.2631269521847,86
661674,-7915.502988986746,-392.91529792297337,86
661893,-8083.633552563577,-365.1103776508847,85
662114,-8265.749570732554,-332.57184777818503,85
662354,-8554.54001546599,-275.0820310219527,84
662734,-8720.279096571734,-239.5777074229509,83
663014,-9008.77340925583,-173.60777829662877,82
663354,-9188.39923427061,-130.54314097365156,83
663514,-9299.946360038617,-103.2990823021482,84
663754,-9449.407214764247,-67.65566910020691,85
663914,-9537.075421508336,-45.49070742021226,86
664194,-9673.035398635655,-8.196141870536565,89
664354,-9731.85327646916,9.423655153342278,88
664614,-9870.729691981225,64.50850982792979,87
665074,-10002.669460366089,156.14309674001453,86
665354,-10032.776098891953,185.4959554878954,87
665594,-10076.177217228169,239.3693526999303,86
665774,-10100.917603134914,280.56296027665644,86
665994,-10123.849794247526,333.0140290052785,87
666194,-10134.891881189733,381.51219717646524,88
666414,-10135.843082333944,435.3182862034823,88
666674,-10123.679272190566,499.9869936499427,89
666914,-10083.239444391822,584.1868768304313,89
667314,-10006.725484927687,688.3531573972289,88
667654,-9959.425294608494,746.1345730580454,88
667934,-9895.887256829008,823.1600088252818,87
668094,-9842.054238536799,885.6660576649799,86
668293,-9789.051284629322,944.663404021251,86
668593,-9710.105463774278,1037.4241574114822,86
668814,-9649.829351770433,1122.3464178718589,85
668894,-9631.051955814388,1153.5298974902382,85
669114,-9587.686713209168,1240.4577741109772,85
669334,-9558.701767928549,1320.812443838875,84
669514,-9542.683767910848,1394.5445513323746,84
669814,-9536.393213456786,1513.8987675321403,85
669994,-9545.914261232469,1585.6925670502965,86
670334,-9612.655863068383,1761.3699946964693,88
670694,-9693.607270127863,1874.57277600104,89
671054,-9780.319772538913,1964.6279919833112,90
671354,-9938.996566569154,2101.0635996386613,91
671694,-10021.576699900002,2167.6257629077363,90
671894,-10108.34753407434,2235.7493442631635,90
672054,-10179.966338302635,2292.0232003680144,91
672354,-10319.843310300466,2399.5007920079374,93
672514,-10451.922168288269,2507.41360530014,94
672874,-10562.31616835701,2608.201326520646,94
673074,-10649.661313786568,2700.4012482662183,93
673454,-10817.266891493811,2925.590880179904,94
673714,-10877.749371329684,3037.371333001062,94
673954,-10930.761271702966,3180.7301081730525,95
674114,-10954.209442307507,3279.1891519186647,95
674474,-10970.519041229792,3541.5476794777933,98
674853,-10933.587885958548,3849.4520311364395,99
675294,-10894.695996635599,4071.6758393678965,97
675474,-10859.725605371988,4242.3863303603075,94
675894,-10809.971097629594,4451.495127304176,95
676094,-10751.399966547944,4649.682974065314,93
676414,-10700.891679027567,4799.332273735438,93
676714,-10622.336197716146,5002.482553961509,92
676934,-10559.88845068381,5149.59230513588,92
677014,-10536.763311437875,5203.972705418116,92
677314,-10449.826428439477,5404.000149471483,91
677534,-10385.96532934546,5551.060545304297,90
677794,-10310.541660628474,5725.311141278229,90
677994,-10253.509521556813,5859.166791562072,90
678154,-10208.72195046818,5966.563595406417,89
678474,-10115.095197050367,6196.074011388873,89
678754,-10047.272220977182,6375.542793957253,88
678954,-9999.837414287951,6518.224044002082,89
679154,-9962.690914762945,6649.943964944356,90
679434,-9923.440088394465,6801.401459408617,89
679714,-9878.298053493205,6939.210010249895,88
679874,-9801.093119247276,7063.163219680236,87
680274,-9700.3143744485,7153.0389371838155,87
680494,-9595.116104941915,7207.383431779127,89
680754,-9452.250883185492,7246.261811535592,90
680974,-9311.588698955657,7262.575913646707,89
681334,-8959.529419226885,7335.186267983108,88
681814,-8673.67333576573,7477.324579314888,89
682134,-8576.807112604565,7536.205262144585,90
682334,-8469.800648303844,7601.807217891793,91
682514,-8384.389307660804,7656.842687268898,92
682834,-8207.23121976793,7765.984850955261,92
683034,-8012.480264116371,7872.390044779644,92
683334,-7898.070528538076,7927.120405685678,92
683574,-7739.40268097364,7993.04091955859,92
683874,-7534.094215373708,8057.332707160132,93
684054,-7405.856067649668,8082.571119715347,92
684274,-7245.3575992147325,8099.607599106349,92
684494,-6980.962052997147,8093.204854358615,91
684854,-6818.920119319322,8073.395469462781,90
685094,-6645.333568861991,8039.739719577739,90
685314,-6487.590023132499,7998.146766079732,89
685474,-6374.293034333643,7960.228533933281,90
685674,-6235.4166188215795,7905.143679258693,90
685974,-6032.225959675682,7807.483267443792,91
686274,-5831.72291505021,7693.643339931887,93
686394,-5752.790573805725,7644.189467427661,93
686574,-5636.586123043855,7567.962663591135,94
686814,-5485.352979211015,7461.503581280441,94
687054,-5334.218546061287,7352.217794846382,95
687234,-5221.868285173739,7266.927590962818,95
687434,-5019.9788177517785,7091.483460413869,95
687794,-4898.3856882944265,6966.955909772382,94
688033,-4773.925475793886,6823.224717944303,93
688213,-4681.617896899396,6711.040445968961,92
688514,-4520.289394035655,6508.711223749965,92
688714,-4372.066926037772,6316.037665676688,93
689154,-4186.518519948044,5996.826467568661,93
689474,-4128.337788321872,5859.655032978791,93
689634,-4076.680908246985,5738.2772477752005,92
689894,-3991.4759953478274,5544.266622246992,91
690134,-3909.2862315165285,5365.219581720332,91
690414,-3771.1501760837414,5066.060042027095,90
690674,-3725.3351492000766,4959.7445525081675,89
690974,-3635.0287132330463,4729.4713503700705,88
691174,-3546.7862251896654,4460.355644206506,89
691534,-3483.306549129394,4292.575041253474,90
691734,-3411.2884289357457,4146.429940877946,91
691994,-3297.5203427536144,3959.912320888694,92
692154,-3219.9789274944474,3850.3663080922192,93
692354,-3114.1300920818207,3720.7282579611306,92
692694,-2781.108494583364,3389.9993423828646,91
693114,-2550.9609623495003,3193.0498224376192,90
693974,-2008.9696575101138,2828.8446254970763,91
694134,-1889.4449492093138,2766.652631594254,91
694354,-1720.8971168236656,2690.0130321818137,91
694593,-1534.7070613377746,2612.0498149690734,92
694833,-1220.9877857530987,2498.5015163176795,92
695154,-1078.1584696835987,2455.306765813494,91
695434,-853.6508660859017,2400.7692931289316,92
695714,-642.5858083232282,2366.512302723479,90
695914,-478.3498135405455,2348.7489129078326,90
696114,-231.21062411248013,2334.4583198886885,91
696414,-67.21242961584989,2330.146452329796,91
696574,63.695379785152824,2330.5278154516895,92
696794,244.16922202812728,2332.008445742463,92
697114,615.4545690198582,2347.3443874882487,93
697454,767.2261483769202,2357.610238620183,93
697654,907.0582682220229,2370.415638247872,93
697914,1129.4570717433426,2397.3186528054534,92
698354,1339.6786154666504,2440.2127381155437,90
698534,1432.8297383564325,2473.751794518083,89
698674,1499.809170434325,2507.49724870858,89
698974,1632.175214005664,2610.4206693147303,89
699134,1755.7829660010348,2746.196674730455,89
699554,1865.8898403980945,2880.321527798446,89
699674,1913.1900307172882,2938.1029434592624,89
699934,2017.1992987936117,3059.7050493383445,91
700194,2184.441496178349,3229.334196049411,92
700354,2259.4747953957835,3291.0999147657585,91
700654,2413.57505222774,3388.3115953618935,92
700694,2435.852174245481,3398.1467280303777,93
700974,2606.015283247866,3448.8075248524005,94
701213,2764.4677566026144,3468.0380653482607,95
701453,2925.401446689829,3477.2764307292364,94
701614,3045.8325039821107,3481.561339067009,94
701794,3167.676913336074,3485.796892063225,94
702074,3359.07170576178,3496.0941456932546,93
702274,3483.84152992222,3503.057692129721,92
702494,3635.563753937725,3511.9101911999737,92
702674,3760.333578098165,3518.8737376364397,92
702914,4028.92880158097,3531.427857367516,91
703254,4173.485554604954,3537.700429022189,91
703574,4408.743616284348,3547.881019125643,92
703734,4570.211238706955,3552.1479746199543,93
703894,4690.44487463301,3550.779474711,93
704234,5026.427822580793,3527.7260869270594,94
704614,5240.2702291252735,3491.957033776812,95
704794,5377.840979680501,3460.2665211323056,96
705074,5635.627413318321,3386.170943448522,97
705394,5829.18036116196,3316.4410618980887,98
705574,5962.403368427298,3261.5536285897265,99
705814,6136.505898376559,3181.8899036876965,100
706054,6308.948299556356,3095.208773818814,100
706254,6452.83650387491,3021.552920976137,99
706534,6652.95368218966,2916.924459535941,98
706694,6766.142983883671,2855.6612407009648,99
706834,6865.445541668649,2801.9583355899636,98
707114,7148.685762071372,2646.314583559191,96
707574,7388.071689642137,2511.3057776201554,95
707674,7458.869405907429,2472.0415015970416,95
707953,7754.583018157504,2308.88679118385,93
708374,7958.594765266402,2194.216799287213,93
708594,8158.169034824028,2074.0414651685182,94
708994,8340.536302933691,1947.3916348400953,95
709334,8415.713164986968,1891.7010664121942,95
709594,8502.632065185975,1827.8175412418125,96
710394,8751.924906843145,1611.8034697129121,98
710734,8801.306967973524,1526.5895504360972,97
710914,8818.863930045287,1441.7794503134658,97
711254,8811.868951154798,1383.2980834491245,97
711494,8765.421251296702,1268.8838746379283,98
711834,8732.837869271274,1207.0508477365627,97
712174,8670.358719740843,1099.564309630835,96
712334,8639.58353250955,1048.988743881366,96
712634,8562.230532238951,920.79547826598,96
713034,8482.05082784499,792.7009233337071,95
713214,8437.913852618325,724.1959788563868,95
713414,8384.85256694756,643.2669978732708,95
713654,8280.390124375497,488.4264408738911,94
714094,8146.565846633822,282.96096278348494,92
714413,8085.11418285435,184.63653540791054,91
714593,8026.686644564468,91.86680559594878,90
714894,7918.370012118081,-72.03715145047016,89
715014,7880.815220205989,-134.40411068722835,88
715194,7824.285610971625,-233.60795778909255,87
715434,7748.108162476656,-348.39905648928084,86
715674,7660.82131885446,-457.14190421028906,86
716054,7566.328625320917,-549.3597488433967,85
716394,7356.367307960025,-665.8468520440468,84
716634,7294.269551507415,-681.3667954573522,83
716834,7186.163820037814,-697.4027183625888,83
717094,7041.0237793368815,-700.117232192279,82
717274,6939.459852262028,-690.910239353472,83
717654,6721.624166240286,-647.9263598701463,83
717814,6630.496612354327,-623.5179817437374,83
717934,6562.615334473781,-602.0439948455361,83
718274,6371.839735411949,-533.8261760398979,83
718454,6269.898918448104,-494.8894345642189,83
718714,6123.323099609126,-437.4130974185467,85
718874,6032.590388455621,-401.69790279868465,85
718994,5964.2245335812395,-373.8391539521379,85
719274,5804.493324534847,-308.12050472242765,86
719554,5590.619515492272,-232.72823850353683,87
719934,5483.994444269371,-206.36359955832322,87
720054,5435.603963203029,-194.06069981200528,88
720334,5337.2615829839915,-173.6456011628586,88
720494,5287.892971508247,-169.0914600850117,88
720834,5157.2723177348535,-181.51099340197788,87
721093,5118.420837287655,-199.965328043491,86
721454,5032.901809539769,-278.34578410912155,86
721834,4998.124366409483,-342.22480609067514,87
722054,4982.362119521296,-388.37187071060316,87
722294,4971.759727464269,-448.84987731357523,87
722534,4968.758028051044,-514.5460705109941,87
722694,4970.005361244594,-559.872047167921,87
722854,4974.6626862384555,-608.8547923329437,86
723094,4986.911727454388,-683.5740066575763,86
723354,5014.976844132965,-811.91086506473,85
723774,5040.847899706686,-942.2937185520711,85
723974,5047.730688303501,-1028.8536817055497,85
724154,5036.706524248828,-1162.1933524974625,84
724514,5012.437235725358,-1269.5991327635381,83
724814,4938.0814316791575,-1453.7925485107983,82
725194,4878.28989666915,-1545.0995709195215,81
725394,4814.3659925789425,-1612.913540615049,81
725654,4698.139085784782,-1699.419645238142,81
725914,4602.152282349905,-1753.3782735227308,82
726974,4150.458407099892,-1862.8389653788718,85
727114,4067.5552124545093,-1866.311762175374,85
727433,3800.135540747334,-1865.4637149912533,85
727733,3688.4313725329253,-1862.9779950699576,84
727934,3547.7288093832644,-1860.1871666775912,84
728194,3378.077206639907,-1855.6778777524723,85
728414,3231.0392368834573,-1851.9582742922603,86
728594,3122.1617727924117,-1849.5712650540781,86
728834,2956.7502262341,-1845.210042153629,86
729014,2830.912537402875,-1842.230768816767,87
729234,2676.076453636397,-1838.9463870088339,87
729414,2548.1434143834276,-1835.186404628796,88
729674,2362.213585259953,-1830.8162053066162,88
729894,2203.8687990100498,-1826.7017591139504,88
730114,2041.9659549351634,-1823.1706005982342,89
730294,1906.2348016721667,-1819.8458398704752,89
730454,1786.0505210876681,-1817.0639878998397,90
730774,1542.9046111368643,-1809.9882212137738,90
731014,1359.8014861367533,-1805.7167325747073,91
731194,1221.2436287503929,-1802.293261163835,90
731314,1129.326389399528,-1800.4985160243332,90
731534,960.9894280347391,-1798.865286564134,89
731754,791.2391146082689,-1797.1827017623784,88
731974,622.1707995418611,-1796.2314706622421,88
732294,429.8068531284841,-1793.7592003955797,87
732674,305.28380567582724,-1793.6559865236375,86
732854,158.8784789378828,-1792.081088826726,85
733034,12.47315219993838,-1790.5061911298149,85
733314,-215.95594945709948,-1787.4820356842981,83
733454,-329.8541787763655,-1787.04231084319,83
733754,-639.6250569924343,-1783.3002513506874,81
733974,-753.5232863117004,-1782.8605265095796,80
734293,-1014.5088407289734,-1780.114550269941,79
734514,-1209.0174929056511,-1778.2749230217846,78
734774,-1898.5942094033664,-1770.4677427222462,75
735054,-2121.468613496791,-1770.4677127663192,76
735294,-2315.977265673469,-1768.6280855181628,76
735594,-2411.4525628493166,-1767.41662805561,76
735814,-2579.8388795556616,-1767.1967506570925,76
735994,-2702.948574946637,-1767.1428921267072,77
736054,-2741.8404343136617,-1766.4922962647395,78
736394,-3018.2247953847627,-1758.9633550829326,80
736614,-3157.069808398732,-1743.501713476988,81
736994,-3303.1700266656053,-1712.9284208448244,81
737194,-3386.3514005168663,-1683.8447648810914,80
737414,-3469.7705746541797,-1641.309586660604,80
737614,-3537.97938708216,-1588.6924990638497,80
737854,-3648.503500332111,-1451.1082688980632,83
738254,-3715.420097457887,-1341.2257451324226,83
738354,-3739.3797743214573,-1297.9367871339525,82
738634,-3807.8488131118543,-1171.726681646638,82
738854,-3870.139487741863,-1071.2036899773766,82
738994,-3914.0251830719158,-1010.9455308169954,83
739194,-3988.313648977171,-929.8146252788246,83
739474,-4162.824471313519,-780.7979386712783,84
739774,-4249.209439177135,-721.8858233875607,84
740114,-4432.859946167272,-631.9831466628613,85
740234,-4504.200571189686,-608.2657433182462,86
740494,-4662.774181303912,-570.1814923036636,87
740713,-4876.912719897732,-542.8925515235062,88
741174,-5108.119170336577,-538.3563333331944,89
741234,-5147.791738746777,-539.8010878929709,89
741514,-5327.781003995915,-547.6664801320902,88
741814,-5597.641513515732,-555.9311883365654,88
742054,-5662.07242067614,-557.2189004499407,88
742294,-5821.296626652332,-558.0265088023826,88
742594,-6033.496857270809,-556.2766158156085,89
742814,-6285.122879591703,-548.9047170802025,90
743134,-6434.93819812996,-543.6730508751955,90
743474,-6691.970851989797,-529.0369704651542,90
743654,-6829.599934308311,-519.2780924474931,90
743894,-7013.039570277588,-504.38178567503564,89
744094,-7168.212165013232,-490.4725857337117,89
744254,-7291.559660690259,-476.9672049465722,87
744454,-7445.90219104117,-459.54930252182254,87
744674,-7615.643528045909,-437.3484351549044,87
744894,-7785.335509709093,-413.7342157263045,86
745074,-7923.983101356835,-392.61916587363305,86
745394,-8215.115673219796,-341.41540038263383,85
745774,-8458.974984028759,-293.9850669263049,84
745974,-8610.728610542357,-263.2143529279141,84
746214,-8792.597852003553,-223.60906274680647,82
746414,-9031.238976218066,-168.57803664667662,82
746834,-9225.581609526613,-121.46178808315014,84
746934,-9283.084845981552,-106.71805052419141,84
747153,-9400.967378356348,-78.54521678484262,84
747433,-9530.058016541483,-47.15083618967776,86
747594,-9745.838731061307,14.157264753953243,88
747794,-9817.811999102229,40.01937386187012,87
747974,-9876.284389544839,67.53263531751959,87
748214,-9940.01534550172,106.55013463285044,87
748454,-9997.164118144034,151.70561918874296,86
748614,-10031.362746830271,185.44660014633791,87
748854,-10074.131222147982,237.17529159507276,86
749094,-10106.85816700925,292.7985518379552,86
749294,-10133.725305835835,374.3960815265007,87
749774,-10133.491978782684,462.1226200338777,88
749994,-10105.090321179014,546.0353475867571,89
750374,-10060.123281567618,618.0489945475045,89
750634,-9994.193761317048,702.773833641655,88
751034,-9919.537351988605,794.269300994874,87
751194,-9880.380763070336,841.7220305716401,87
751434,-9816.308792955459,913.7760564522121,86
751634,-9761.062422601566,976.2327499503527,87
751874,-9697.475029480525,1054.671537779271,86
751934,-9682.650534081915,1073.9649132272475,86
752154,-9631.051955814388,1153.5298974902382,85
752394,-9585.393941421198,1245.3304733145287,85
752674,-9540.974283799826,1402.9753083609078,84
753034,-9535.522770152229,1498.3025395120856,85
753254,-9545.914261232469,1585.6925670502965,86
753474,-9570.53798361264,1670.7494438807107,86
753753,-9620.0097790044,1773.6549415993252,88
753893,-9652.30150221339,1821.4800878321805,88
754113,-9712.653868868056,1896.4640317080587,90
754274,-9768.676445076295,1953.608331117467,90
754574,-9900.459171014758,2070.0012567797594,91
754894,-9996.095983869907,2147.6324362562355,90
755914,-10460.155503950575,2514.776497657888,94
756234,-10603.285425302318,2650.6691965561145,93
756394,-10671.386550625453,2726.6312708413952,94
756634,-10766.90669995403,2848.12571957156,95
756854,-10842.639920419062,2968.929193519931,94
756994,-10882.325938483895,3048.144217159123,94
757174,-10924.484196859465,3157.869698478363,95
757454,-10964.1746881572,3338.2627828816853,96
757614,-10971.048500332283,3445.341028600327,97
757774,-10969.39284479572,3553.5364943313093,98
757974,-10956.125264294633,3690.335512265091,98
758294,-10924.546911987874,3905.7393368959233,99
758514,-10898.164320199197,4053.400973249148,97
758774,-10844.685735763689,4308.369679185336,96
759114,-10849.715477413642,4285.904112223099,94
759354,-10809.239743927974,4452.177125664239,95
759514,-10752.18067559112,4647.58762364357,93
760014,-10657.270683292832,4913.8451932297485,92
760214,-10601.503830258182,5051.990255040194,93
760433,-10536.812666779431,5202.559353356434,92
760593,-10489.099680884323,5312.684150641029,91
760774,-10429.824125366245,5449.999148066741,91
760994,-10363.719609825814,5600.518891041425,91
761174,-10311.273014330094,5724.6291429181665,90
761414,-10205.648469637033,5973.531645031712,89
761854,-10099.530371528406,6236.567667762075,88
762194,-10036.974937391225,6407.022405624972,89
762414,-9994.076318936379,6541.371609324382,89
762574,-9969.914717517755,6625.432402901932,89
762814,-9937.255050885577,6750.233629560466,90
762974,-9915.336865913367,6830.835075996148,89
763334,-9847.177378871016,6999.679040431136,88
763534,-9735.903929120057,7126.687777849162,87
763934,-9601.55022223182,7205.48550272361,89
764194,-9344.777794734398,7264.442440204129,90
764294,-9097.957163432036,7301.813230448701,88
764454,-9000.2788287296,7323.1660506314975,88
764694,-8864.718167567637,7375.7427293525,88
765014,-8633.942435592244,7500.700968501509,90
765454,-8390.1907819322,7652.800052450079,92
765854,-8153.802020629904,7796.665800736343,92
766174,-8044.897627273666,7855.833639193648,92
766334,-7944.818833678415,7905.404145268522,92
766714,-7643.424853960494,8026.4812652780165,93
767013,-7490.616812430742,8066.427509705266,93
767273,-7302.820456749845,8095.246406161827,92
767574,-7022.581905804422,8096.780865027059,91
767934,-6882.32354072877,8081.269868079557,91
768174,-6721.892380478854,8055.8564302785535,90
768334,-6520.532342203456,8007.080052945562,90
768714,-6336.576726742248,7946.175771156116,90
768994,-6143.467976972619,7863.725721050548,91
769134,-6046.112703584716,7815.043581167767,91
769294,-5937.796101094255,7756.073134120761,92
769514,-5792.2567444279675,7668.916403679774,93
769754,-5636.586123043855,7567.962663591135,94
769994,-5481.8936320691455,7459.260164834027,94
770174,-5366.617956375121,7376.697954390712,94
770434,-5203.306263427382,7251.421097204146,95
770594,-5106.354809193663,7170.913858262749,95
770874,-4945.443575138739,7017.4193151841055,94
771054,-4849.38051705304,6911.471739132439,94
771314,-4714.205752157726,6750.385479831726,92
771354,-4693.844512038965,6725.618164659787,92
771574,-4423.405247986955,6385.754067616562,92
771934,-4261.264633581943,6145.896982750666,93
772134,-4188.465804345118,6001.847232796883,93
772234,-4111.395516425154,5818.026203749785,93
772594,-4040.0683710132985,5652.094174510714,92
772894,-3910.600872895097,5368.095641185252,91
773354,-3778.3560259950887,5082.585045114995,90
773533,-3718.7619423072347,4945.364255183567,89
773753,-3611.275434157434,4660.010701559711,88
774134,-3514.611165507251,4368.667228719963,89
774534,-3416.645705133132,4155.107474614263,91
774734,-3271.949892462136,3922.227415795394,92
775174,-3101.9034769422524,3706.150539270304,93
775354,-2994.098380710821,3592.0100064761564,92
775634,-2729.61313018778,3345.0412791931985,91
776034,-2516.5649122970353,3164.9622497267505,90
776214,-2393.2533223069313,3069.383738678961,89
776394,-2264.041547362317,2980.674566573353,90
776574,-2130.3922948664313,2897.470736689801,90
776874,-1852.5587060026514,2749.0911663336633,91
777174,-1658.866668556073,2663.0830584031123,92
777474,-1413.908090578232,2566.0866921048123,92
777634,-1215.3837328479287,2496.8907428897714,92
778074,-845.2201090573684,2399.0598090179096,91
778354,-674.262841357174,2371.1561780627085,90
778594,-467.77435074871124,2347.6720718153165,90
778874,-153.4762607199882,2331.7437761030715,90
779054,2.0911767481086976,2329.1413926552004,91
779314,116.77011511055056,2330.797018235837,92
779574,339.1105868685826,2335.7683981665746,93
779774,509.8390307044553,2341.8345720332895,93
779954,730.3309287485266,2354.6534213156115,93
780333,1081.1069695968256,2390.51662204829,92
780794,1369.0224977927999,2449.801094076244,90
781074,1465.1977461721717,2488.8948480423974,90
781414,1615.3047235268666,2593.321354971611,89
781534,1667.329547024941,2644.569942659412,89
781854,1832.6334364343352,2839.738137163861,89
782234,1970.7291728591501,3005.4323361609536,90
782534,2061.2779422569884,3106.2783591888215,91
782894,2265.2762696671803,3295.1425495845765,91
783214,2369.6040958692074,3365.0832721999427,92
783434,2483.8657654228323,3415.573576920932,93
783694,2685.656552117606,3460.177146342043,95
784094,2978.525537356783,3478.958985575065,94
784474,3131.5624027508566,3484.9354251803975,94
784614,3220.8503593445853,3488.892798970736,94
784954,3439.879549985418,3500.3476515329326,93
785154,3573.178841857505,3508.4284179817405,92
785314,3679.525733874527,3514.6202317967613,92
785514,3884.3720485569866,3525.1552857128436,91
785914,4097.649120267979,3533.9808555179034,91
786114,4240.792521230282,3540.302782514133,92
786354,4519.231853803301,3551.098062792631,93
786773,4729.336734000034,3550.128878849033,94
786953,4867.064527001662,3543.1967049547347,94
787174,5051.76944900795,3524.010986655676,94
787394,5220.582010944844,3495.474712681968,95
787554,5344.167306907923,3468.517809638075,96
787814,5527.835766741522,3419.651698043701,96
788074,5802.672159380904,3327.2722778194366,98
788354,5937.308518707924,3272.335489169519,99
788634,6144.837944721979,3177.353715453311,100
788934,6438.949759965876,3029.1132347001126,99
789254,6599.452701633714,2944.9716533269843,99
789494,6774.47503022909,2851.12505246658,98
790434,7453.314708343815,2475.0656270866316,95
790734,7713.604784790466,2330.8363786541563,94
791114,7939.835322153818,2204.069884799159,94
791374,8179.607116035306,2059.8496127884137,94
791734,8285.38417003001,1988.9397062294495,95
791994,8390.865091975376,1909.5496873003947,95
792214,8468.81930281046,1852.3470561276986,96
792374,8624.727724480625,1737.9417937823064,97
792714,8682.410429458329,1687.8148993397494,98
792934,8732.245665084447,1635.8394311832317,98
793273,8805.932890469292,1517.2300183397176,97
793654,8818.814574703729,1440.366098251784,97
793894,8808.598048957425,1370.6766255771036,97
794094,8768.445376786292,1274.4385722015415,97
794454,8732.15587091121,1207.7822014381818,97
794674,8693.672303931273,1139.0798355946345,97
794794,8671.090073442461,1100.2463079908975,96
795094,8610.271052681495,999.7771748520213,96
795274,8572.76561611096,938.8235676769453,96
795494,8521.750325520383,855.7005255889718,96
795754,8459.616663380848,758.1074519150156,95
795854,8434.939082470293,720.0546333544546,95
796074,8378.122317608319,632.8889564476639,95
796354,8297.507391562078,512.5925155254181,94
796554,8238.545920936804,424.79419560012127,93
796734,8185.484635266039,343.8652146170053,93
796994,8103.160225108776,215.1380166662273,91
797174,8000.497000909117,51.03663825358118,90
797434,7960.164860215218,-9.818258238382114,90
797694,7875.547678269984,-143.41815539271104,88
797954,7792.09707167865,-284.13416819700495,87
798234,7689.541534583835,-424.89055992112526,86
798454,7649.070304286996,-469.46723003297075,86
798794,7559.064443646282,-554.7663803823395,85
799074,7359.243367424945,-664.5322106654786,84
799434,7242.994034554421,-690.8968196547656,83
799714,7086.251045310694,-701.6966031220926,82
799793,7041.0237793368815,-700.117232192279,82
800113,6774.936701851736,-661.108679342753,83
800574,6580.109491549354,-607.6076688308802,83
800734,6431.922899282467,-555.7353845903782,83
801034,6331.346079038748,-518.2613505179376,83
801354,6073.084044828822,-417.26272832064507,85
801734,5997.750140329145,-386.330498642951,85
802234,5791.239223644319,-302.7048967617537,86
802394,5669.708899183157,-257.42377225755473,87
802774,5582.870756823801,-231.7501080941344,87
802954,5521.858817885436,-216.17630615044337,87
803294,5387.164126795129,-183.17115212736957,88
803554,5330.926176377203,-172.71682609501272,88
803894,5240.520999771133,-168.14473217370363,88
803954,5225.60677011114,-169.7465291798815,87
804154,5177.256667964623,-176.54855993704447,86
804414,5120.565543050956,-199.33268502498495,86
804614,5081.417930554418,-226.26713203658832,86
804814,5047.676949596822,-260.4657607228268,86
805034,5015.636476328517,-306.7519149456939,86
805314,4976.502313486612,-414.3461401562658,87
805674,4968.627914869835,-477.7495615657141,87
805914,4969.570139592314,-552.0739331578934,87
806174,4979.082210946265,-644.3860152412121,86
806333,4990.994741193032,-708.480411432454,86
806653,5033.314515247904,-894.6256147656171,85
807034,5047.492888017448,-1015.4021594487956,85
807254,5029.760900699896,-1219.2613673001217,83
807494,4997.307631855677,-1317.8909031467674,83
807694,4963.153855322167,-1404.4329134567843,82
807934,4870.195650609783,-1554.0149049418906,81
808274,4805.589748159512,-1621.097520935799,81
808534,4703.891204714621,-1696.7903624810056,81
808734,4572.660333999086,-1767.2066856684767,82
809114,4439.975732302043,-1818.4687230109103,84
809354,4317.9742805016795,-1847.4626147573342,85
809594,4187.986269746792,-1862.0268538376013,85
809834,4029.3453514475477,-1866.3925200150256,85
810134,3876.5059074197006,-1866.7155513736318,85
810414,3659.432977597673,-1862.6728865988869,84
810834,3445.9181056006273,-1858.0469341471926,85
811054,3300.293487905859,-1854.376686028537,86
811174,3219.0010666883845,-1852.2454299198694,86
811474,3011.870956639685,-1847.1349004743392,86
811754,2801.2321441075596,-1841.194306644077,87
811994,2641.4740057959743,-1837.0305051098546,87
812234,2464.7062874026524,-1833.687791538634,88
812574,2212.3489113801397,-1826.9978911632904,88
812754,2076.617758117143,-1823.6731304355317,89
812854,2000.247391444776,-1822.4212940531531,89
813153,1768.4082979874256,-1815.7403700995405,90
813353,1504.0127517698402,-1809.3376253518063,90
813794,1252.3373741073897,-1803.379078678082,91
814034,1079.8097118991127,-1800.1844311315313,90
814254,903.6746365242966,-1798.9864233236115,89
814474,660.3806605488228,-1796.1507128225905,88
814894,384.530231813114,-1793.593181527448,86
815074,234.56684725018712,-1792.6015715074857,86
815234,100.19969070731518,-1790.7395181829652,85
815394,-34.89881953717589,-1789.559463218507,85
815674,-273.270740967542,-1787.6031724437755,83
815894,-579.5329167001851,-1784.6911773360052,82
816254,-766.9748085684546,-1783.098326795632,80
816494,-1025.8156572224266,-1779.7197075374875,79
816934,-1439.59130032599,-1775.8834105947737,77
817274,-1646.1381226977403,-1774.3309389742262,76
817494,-2068.3938781713937,-1770.198509982172,76
817674,-2435.5289032394617,-1767.9909393108283,76
818074,-2642.075725611212,-1766.438467690281,77
818374,-2891.0724651749692,-1764.8186878847148,79
818634,-3012.571387138036,-1759.1607764491594,80
818974,-3254.779545599263,-1725.2313205911416,81
819374,-3391.273455061974,-1682.965345154802,80
819613,-3482.2439665015313,-1633.7986282781858,80
819813,-3548.2587178246545,-1579.135545601244,81
819994,-3606.0311570637405,-1511.3170727168879,82
820174,-3653.2281335109915,-1444.5754409250474,83
820434,-3737.3831345828266,-1301.5442003004919,82
820794,-3791.875695202808,-1200.5859869789515,82
820974,-3835.900480135799,-1124.0496014384526,82
821154,-3884.9460302970115,-1049.4605002950282,82
821434,-4012.964300622534,-906.3125961438975,83
821734,-4093.983015867033,-835.5597320313336,83
821954,-4189.085896386791,-762.8999624415218,84
822154,-4281.1242724971335,-703.7904257915769,85
822354,-4384.03424344865,-652.0841604192068,85
822574,-4507.709273673113,-607.4356789335135,86
822934,-4727.492244091928,-559.431034221967,87
823134,-4853.617088550763,-544.4135906900322,88
823294,-4954.597727948668,-538.7646556762076,88
823394,-5017.516572364279,-537.2750190077763,89
823754,-5325.6362982326145,-547.0338371135847,88
824014,-5416.337606888024,-550.9418555623657,88
824194,-5533.941960056944,-555.3254745832521,88
824414,-5681.17735117962,-557.2592793697667,88
824734,-5902.638403211363,-557.3086047553966,89
824954,-6148.709727968643,-552.9608315095809,88
825334,-6342.388315760589,-547.6125017779984,90
825534,-6569.839287008224,-536.839587664011,90
825854,-6738.562114683736,-525.9948921321028,89
826233,-7094.865923830455,-497.27911967970374,89
826614,-7344.436974649429,-471.58299948399304,88
826774,-7470.561819108265,-456.5655559520582,87
827034,-7702.975223820833,-425.80829160830046,86
827194,-7907.072231958212,-394.6247820339945,87
827654,-8173.643886437193,-349.2314672361232,85
827874,-8455.466281545332,-294.8151313110372,84
828134,-8549.617960920881,-275.96145074824244,84
828514,-8848.055093378303,-211.05938629270526,83
828734,-9075.43875644092,-157.8365549867106,82
829034,-9224.168257464931,-121.5111434247067,84
829334,-9401.698732057966,-79.22721514490523,84
829554,-9564.413687674123,-38.16819398228946,86
829934,-9729.757926047418,8.642946110165635,88
830354,-9833.843448774562,46.9470445673386,88
830534,-9913.022566726831,89.33415676315612,88
831014,-10026.588758309834,180.3271242350037,86
831414,-10082.849134804124,250.9229459011673,86
831594,-10119.273227093316,322.2411448472181,87
831894,-10131.926087463431,365.13526011323523,87
832094,-10136.534057115736,415.53135733993923,88
832434,-10123.629916849008,501.4003457116245,89
832594,-10106.651739265366,541.8446467432693,89
832753,-10085.482860838236,580.7275296885626,89
832973,-10048.224200975485,634.6143765552306,89
833134,-10014.137732626992,678.7064696732411,88
833514,-9899.544025337103,819.7500170249697,87
833854,-9808.94590059771,922.009392114519,86
834134,-9737.461682783527,1003.7101057190796,86
834254,-9677.432347487467,1081.5656058710483,86
834594,-9626.515767580004,1161.8619438356584,85
834834,-9581.539751546876,1254.393873361568,84
835114,-9547.960286268582,1365.0122240617295,84
835374,-9535.877233964857,1467.8907925151514,84
835594,-9540.664672139927,1553.6700466254538,85
835774,-9561.532915328888,1644.963619379544,86
836094,-9602.722019716786,1741.9195768020916,87
836334,-9655.662138672145,1826.5502084019581,88
836494,-9699.013901666805,1881.8369576756752,89
836674,-9755.66912089355,1941.1259628483847,90
837034,-9886.720493130393,2058.2008868707394,91
837254,-10027.08204212206,2172.0632404590087,90
837534,-10084.912813124434,2217.9500787165202,90
837834,-10213.729745336594,2317.9660673155818,91
837934,-10257.821838454603,2352.0525356640737,92
838174,-10365.981398498663,2435.781321461287,93
838454,-10491.042851519614,2542.0340059840237,94
838654,-10635.339348225256,2685.0428205322155,93
839034,-10589.546747417955,2638.8688266470945,94
839313,-10733.102914000245,2803.077922120511,95
839734,-10900.582851759182,3092.6491058530482,94
840074,-10940.883559999058,3215.045400385866,95
840354,-10971.53307732612,3451.7257905486726,97
840674,-10965.619412761049,3600.8097553853104,98
840914,-10946.492026225278,3763.5830427647547,98
841054,-10931.878401847527,3857.882788164973,99
841334,-10899.87380431022,4044.970216220615,97
841574,-10847.956637961062,4295.748221313314,94
841934,-10812.510646125349,4439.555667792217,95
842114,-10780.147111542512,4555.8767820806615,94
842334,-10736.270362678262,4697.974744448543,93
842654,-10661.954937551887,4901.273090699284,92
842834,-10585.355717059272,5088.925853588413,92
843274,-10462.120351764064,5376.127950970303,91
843634,-10341.325824281497,5654.217292963597,90
844054,-10258.095065132753,5849.42139315497,89
844254,-10198.720798931565,5989.563094704046,89
844414,-10152.37180975658,6101.15059939188,90
844714,-10070.011493912394,6311.950927603309,88
844954,-10021.212690503038,6453.1694702449,89
845134,-9989.392064677324,6553.943711854847,89
845194,-9981.190131513113,6586.204032565742,89
845554,-9928.321764019747,6783.175948631424,89
845734,-9902.500033831655,6874.254147175826,89
845893,-9847.177378871016,6999.679040431136,88
846314,-9738.097990224915,7124.641782768974,87
846574,-9615.1991658548,7199.594294190831,89
846814,-9437.287298183943,7249.276960603451,90
847234,-8911.41711736642,7355.439820997026,88
847514,-8780.433023358668,7418.789383876088,88
847714,-8672.210628362493,7478.688576035013,89
847994,-8521.865850721744,7569.663560707473,91
848154,-8435.77251171864,7623.967676382958,91
848334,-8338.807577874362,7685.675063336018,92
848594,-8124.2113615959715,7813.320917005452,91
848994,-7951.302306309874,7902.092864151323,92
849274,-7770.940624404647,7981.406568517702,93
849494,-7622.709150029105,8032.1256971030125,93
849674,-7499.146280142389,8065.310289692924,93
849914,-7238.972837266387,8100.092176100185,92
850254,-6973.213294328676,8092.226723949212,91
850634,-6796.405197015529,8069.779079874511,90
850954,-6565.364765444816,8019.966240368829,90
851154,-6422.535449375316,7976.771489864644,90
852074,-5725.1157966707715,7626.242135856348,93
852314,-5649.74151325127,7576.204975675173,94
852533,-5512.978401004411,7480.864264913436,94
852854,-5246.667002843773,7286.1895639127,95
853214,-5076.880813686305,7143.705705278169,95
853474,-4939.305589898177,7010.837131869533,94
853714,-4811.969317932716,6868.420581420021,93
853874,-4657.896020321879,6681.203010227245,92
854334,-4469.485004421865,6443.966231696755,92
854474,-4400.464080452613,6353.821281453102,92
854734,-4281.9623846698705,6181.289116055996,93
854874,-4227.371113366776,6083.157606857819,93
855114,-4108.084235307955,5811.542731118326,93
855474,-4030.183883003258,5631.230404554654,92
855814,-3914.5941523723586,5375.31046751833,91
856014,-3822.4211898479057,5178.226361158975,91
856334,-3733.1736421299297,4978.414261359369,89
856494,-3681.615472738156,4854.209772032416,88
856794,-3559.6365069260087,4497.596351225797,89
857274,-3455.7484355210163,4230.764440428473,91
857434,-3391.3220315494373,4110.355809212555,91
857594,-3319.048158226274,3991.7957517105974,92
857794,-3219.2969291343848,3849.6349543906003,93
858054,-3073.94154417969,3676.1650375039176,93
858274,-2939.390445881151,3537.741766531668,92
858454,-2818.1338273929655,3423.839034023573,91
858754,-2552.374314411182,3193.099177779176,90
859033,-2428.430081402572,3095.375960968085,90
859353,-2196.218601245059,2937.268945048307,90
859574,-2013.1603583536023,2830.406043583428,91
859794,-1725.8191713687731,2690.892451908103,91
860114,-1594.0095161651172,2636.054373941298,92
860294,-1445.3383469043947,2577.7973277524497,92
860614,-1057.8376084846627,2449.6443811450367,91
860894,-939.3224330913602,2419.3268416423866,91
861214,-664.4187322669591,2369.3973386101297,90
861414,-267.95777771620345,2335.7415587691617,90
861554,-142.9007979281541,2330.6669350105553,90
861734,33.23427744666201,2329.4689272026353,92
862034,379.4651536388452,2336.481799024732,93
862354,568.665884959693,2344.7330575745736,93
862634,888.5859807370479,2368.230553564745,93
862954,1056.200564821948,2386.433608309646,92
863194,1220.5532231312059,2412.533487747688,91
863354,1323.9836767634822,2436.5155906876216,90
863734,1557.7252024651787,2545.0968927734,89
864094,1726.2326858869283,2710.436627957865,89
864534,1851.8460540426604,2863.123502772213,89
864594,1873.3020880973995,2889.968215522434,89
864894,2040.7013279285384,3084.3557009837077,92
865234,2123.6404282608446,3169.90162804086,92
865553,2267.470330772038,3297.188544664764,91
865633,2305.935944908514,3324.854345377986,92
866454,2783.622042447652,3469.4917963297685,95
866594,2872.2280006813176,3474.1805238217253,95
866854,3024.582867715329,3480.8883171286775,94
867074,3166.2635612743925,3485.846247404782,94
867254,3281.7725640215667,3491.010575468844,93
867474,3422.8699699036815,3499.526563569931,93
867754,3585.948365754197,3509.397571969412,92
868014,3773.103101994857,3519.8428916241114,92
868294,3859.564354465222,3523.8989760975624,91
868554,3975.073357212397,3529.0633041616247,91
868714,4039.553619714361,3531.7643683366823,91
869034,4162.860736471563,3537.363918053023,91
869234,4281.92779704372,3543.111533794034,92
869594,4354.888171915774,3545.5164659197517,92
869714,4393.878741965912,3547.6925741811474,92
869974,4476.050582909675,3550.483372617587,92
870274,4536.19207854348,3550.505798693951,92
870434,4552.470304923599,3550.6448882968903,92
870614,4604.863041888933,3551.6454447826563,93
870774,4650.821661564366,3550.7480722129053,93
870994,4714.471859681598,3549.940433904537,93
871294,4797.859631320816,3547.0284687526932,94
871454,4841.624189891391,3544.085101102755,94
871614,4885.388748461966,3541.1417334528164,94
871954,5011.562948262358,3527.5376419825634,94
872253,5053.1334457280755,3522.5482792524376,94
872413,5093.241235790554,3516.1949198021866,94
872774,5187.491625849216,3500.1679433627546,95
872894,5217.023953119861,3494.8914250050198,95
873154,5292.900766376661,3479.5060680058236,96
873414,5333.591844116089,3469.5946507305907,95
873674,5393.2397863343285,3455.4835561901373,96
873834,5429.008809528649,3446.4515586411935,96
874094,5487.876042703713,3430.2451136789964,96
874394,5555.806675925815,3410.184478842477,96
874574,5597.812395043812,3397.3970021023233,97
874674,5621.592603384617,3389.491200987452,97
874974,5724.363484733195,3354.063161995199,98
875334,5785.860000665394,3332.1045981031616,98
875654,5869.624662193605,3299.462884314446,99
875714,5885.656111865939,3292.5352136089778,99
875974,5957.48131388219,3262.433048316016,99
876254,6038.320560603923,3227.063341087051,100
876474,6134.361192613259,3181.25726066919,100
876774,6195.610931837675,3152.231936468745,100
877034,6272.793410051312,3113.452237439467,100
877274,6343.007838639655,3077.746019241336,99
877594,6434.759059122388,3030.674652786464,99
877654,6451.423151813228,3021.602276317694,99
877934,6529.287628386928,2982.0912235867972,99
878214,6637.653586218945,2924.534128601473,99
878614,6711.2780066076,2885.1711418952464,99
878793,6757.810937538251,2860.19742893535,99
878993,6809.898566032515,2832.1995904858636,98
879194,6865.445541668649,2801.9583355899636,98
879394,6915.437819741168,2774.7412061836535,97
879614,6971.666793737364,2743.7685975861336,97
879794,7012.645027104401,2721.8190101158284,97
880094,7100.788834420596,2672.7510039223253,97
880394,7170.855196984268,2632.804729539149,96
880614,7231.956870184014,2599.5393491536583,96
880774,7276.345095351365,2573.9329931752573,96
881114,7406.831132754721,2501.4526921082092,95
881374,7456.092057125622,2473.5535643418366,94
881654,7547.013213223623,2422.9734954035384,94
881874,7620.588278270721,2382.19715663563,94
882094,7698.354044161308,2339.85939978137,94
882334,7832.299428706534,2265.135682267908,94
882694,7921.12523438279,2215.336322372786,94
882954,8013.361031859359,2161.8801939695686,93
883234,8117.289512140104,2098.817756762188,94
883614,8237.0026653854,2021.7608885409293,94
883814,8298.440849554312,1977.8706900220488,95
884034,8363.9710238836,1929.5923692934525,95
884274,8443.289231438808,1870.9270307175182,95
884614,8525.434143117378,1812.1629814584696,96
884834,8582.681626442803,1769.8342010259407,97
885014,8619.904380618631,1741.6479176319588,97
885213,8643.971744587045,1721.703946322014,97
885453,8719.28769624326,1649.735151513996,98
885854,8764.734809659663,1593.6676931971026,98
885994,8782.803277990453,1564.0276788216136,98
886214,8805.152181426116,1515.1346679179733,97
886474,8817.41019906378,1460.9337361585028,97
886654,8815.92953881708,1418.533174308053,97
886834,8808.064116622034,1375.648035463767,97
887154,8764.00789923502,1268.9332299794848,97
887514,8720.889433337583,1189.0721136671539,97
888014,8665.871886848014,1092.6456153470967,97
888194,8615.5385946175,1008.791219557504,96
888614,8541.259075178048,887.5660035674128,96
888914,8494.048619120236,812.0930094647977,95
889234,8387.095983393976,646.7263450151404,95
889574,8335.596115809563,569.9880648755122,94
889774,8280.390124375497,488.4264408738911,94
890074,8195.97036379649,360.47995196628887,93
890154,8172.80484563073,325.2044821875348,92
890374,8109.1591207464,224.83405973177165,91
890634,7990.060627720221,35.83525296597984,90
891114,7884.570699397198,-128.16741476355267,88
891274,7837.064111290047,-212.1205212362585,88
891434,7774.10038476578,-313.22229739364036,87
891674,7688.078827180596,-426.25455664125,86
891853,7623.324858705655,-497.57722882020323,85
892113,7520.54947416825,-583.8455331572438,85
892414,7342.085721318538,-669.5933548135251,84
892794,7191.866583626097,-696.1867876671337,83
892954,7120.220850132611,-701.4677792577711,82
893194,6995.845868704625,-697.124509200784,83
893374,6826.934596084618,-671.4149393504397,83
893854,6601.112351108352,-614.0014072009571,83
894114,6503.896167323388,-581.5974936982941,83
894474,6265.708217604616,-493.32801647786744,83
894754,6157.5307047170945,-450.6357958109794,84
894954,6047.939839767892,-407.8942198025349,85
895214,5904.922078753896,-349.8345949799132,86
895474,5759.126968958094,-290.26290741249665,87
895694,5614.449079174633,-239.22068755672686,87
896014,5489.598497174541,-207.97437298623169,87
896334,5362.603209411149,-177.36070143424166,88
896514,5302.026492125064,-169.58501350057824,88
896714,5239.107647709451,-168.09537683214708,88
896874,5192.951606667792,-172.8514125091227,87
897214,5086.537406465752,-221.49314351615098,86
897634,5016.417185371693,-304.65656452394995,86
897874,5003.539974370157,-328.97070520014756,86
898214,4980.504569385605,-401.0426839241817,87
898314,4975.474827735653,-423.5082508864182,87
898553,4969.99191158996,-479.21226896895246,87
898753,4968.995828337096,-527.9975927677484,87
899054,4976.026682958581,-610.3174997361821,86
899254,4990.559519540753,-700.6822974224265,86
899514,4997.805748371926,-736.3122310138081,85
899834,5021.837206653417,-838.3293325844027,85
899954,5030.981364540107,-880.3933834656866,85
