date,x_rotated,y_rotated,z
600394,-4905.887670255114,6975.000800490194,94
600774,-4771.197482353637,6820.299303137826,93
600914,-4700.615140298033,6734.345053737661,92
601074,-4621.314885586287,6634.643150031401,92
601334,-4491.842884279257,6472.3409600352325,92
601634,-4294.673576803274,6202.251596695169,93
601914,-4232.679034222606,6093.248492655817,93
602274,-4113.926088499177,5826.6050268029885,93
602934,-3892.877891955203,5328.562162377991,91
603254,-3744.956059195488,5005.712148605331,90
603634,-3632.498141159023,4720.892527316867,88
603974,-3581.294435579877,4566.276290992981,88
604214,-3518.4070236182856,4381.535463299768,89
604334,-3483.306549129394,4292.575041253474,90
604514,-3419.9076309087745,4163.004299307404,91
604894,-3255.779353186863,3899.021518709807,92
605054,-3176.6271644997873,3795.0795588185024,93
605214,-3091.673501541315,3695.1802337460163,93
605434,-2904.50981883485,3503.2694318724534,92
605634,-2774.239155641182,3384.0991574283544,91
605834,-2649.9584116634064,3275.751122483873,90
606054,-2511.0595700749786,3160.524772175479,90
606334,-2329.037789356212,3023.9814774152846,90
606414,-2274.4195887879246,2987.4048159125955,90
606634,-2121.378250160949,2892.203194753797,90
606854,-1964.5320770012072,2804.6516215803563,91
607054,-1817.0364595161138,2732.9924084763106,91
607354,-1590.5008136816914,2635.2243095565655,91
607514,-1361.524330034628,2546.568966025416,92
607954,-1034.0080448023011,2443.1519320918464,91
608354,-810.7657272416159,2392.9038709338856,91
608514,-682.0116000256448,2372.1343084721107,90
608814,-437.4119590933338,2345.9042559410072,90
609094,-109.6129914662998,2331.627112576496,91
609514,186.12307681606555,2331.205310622923,92
609794,379.4651536388452,2336.481799024732,93
609974,522.608554601147,2342.803726020961,93
610234,711.9079966051083,2353.8816886941663,93
610534,1036.3149252752914,2384.297878968076,92
610814,1146.5160071666357,2399.5530928301364,92
611014,1276.8495053124204,2424.0107963421756,91
611194,1382.622086074224,2454.2789505473415,90
611534,1553.3864355970202,2542.418254674707,89
611694,1684.9807465469146,2663.7646074242753,89
612114,1794.8901995777478,2792.236052245539,89
612294,1905.8271383595402,2929.8696077969557,90
612694,2013.4931749439588,3054.8817054763504,91
612954,2122.227076199163,3169.950983382417,92
613234,2218.66705412978,3257.148062787303,92
613574,2362.389269536129,3361.089992722681,91
613814,2525.3958839687234,3429.6891446942864,94
614154,2699.1574297159173,3461.828298689778,95
614394,2850.9783644145364,3473.5075018833936,94
614554,2954.4491969666383,3478.3846743198465,94
614894,3175.475027346102,3486.232113715504,94
615074,3292.397382154958,3491.3470864380097,93
615234,3397.330922110298,3497.5882555945877,93
615474,3557.58261383745,3507.5579746771823,92
615554,3612.169411907643,3510.604526243136,92
615773,3765.986986344892,3518.676316270213,92
616154,4079.2261881245613,3533.209122896458,91
616494,4297.524025063774,3543.981977098593,92
616714,4444.176128509503,3549.47383971009,92
617394,4959.466343346363,3535.017197866887,94
617654,5154.499951436702,3507.6878781669034,95
617874,5318.9243911638805,3475.059614032821,95
618074,5467.604536846335,3437.3208504091353,96
618254,5600.639099167175,3397.2982914192103,97
618614,5863.387966269928,3303.218363505656,99
618734,5949.14926753677,3266.969236550401,99
618994,6133.728549594753,3183.4019664324915,100
619194,6371.512680159341,3063.3073901534485,99
619594,6552.9197707030635,2969.9453662868805,99
619754,6664.063077316887,2910.8762085567614,99
619994,6830.753359566843,2821.565795930742,98
620194,6969.620798657176,2745.9626586909912,97
620414,7218.070126274982,2607.099662877634,96
620814,7397.817088049238,2506.720234044213,95
621054,7562.313309194338,2415.3638263380067,94
621334,7835.758775848402,2262.892265821494,93
621594,7930.139279088273,2210.068780436782,94
621854,8092.392083786957,2115.253025588707,94
622054,8203.140547668329,2044.8770513651343,94
622293,8316.419583623721,1965.9222540883584,95
622493,8399.829781339304,1902.868793302709,95
622754,8506.091412327845,1825.5741247953983,96
622874,8547.504867347161,1795.826423315065,97
623214,8701.60509422319,1670.1636998177762,98
623574,8755.334898643458,1608.1467012048163,98
623834,8798.094397539438,1535.8997271909193,98
624054,8820.129216082298,1437.4900387868638,97
624374,8810.208822385333,1376.280678482273,97
624694,8769.957439531086,1277.2159209833485,97
624874,8741.129536696868,1221.6195900056584,97
625154,8665.871886848014,1092.6456153470967,97
625494,8601.248031554282,984.5264342228629,96
625874,8542.039784221224,889.6613539891572,96
626094,8489.561786227408,805.1743151810593,95
626254,8449.862288552016,742.1747129257947,95
626614,8351.201320251348,591.3767907452332,94
627014,8225.134777599875,405.45146481058816,93
627294,8162.319117100277,308.5897448382512,92
627474,8108.378411703224,222.73870931002818,91
627814,7999.765647207498,50.35463989351903,90
627994,7938.511404794252,-42.316379235329634,89
628973,7563.40321051444,-552.0877422836467,85
629173,7473.5050369785695,-614.0419059444897,84
629394,7281.4013169276095,-685.1626535683876,83
629834,7127.28761044102,-701.7145559655544,82
629954,7060.0793544988055,-701.4902053341348,83
630314,6822.694539899573,-671.2668733257696,83
630674,6652.912823975007,-629.9610754553705,83
630874,6538.835126132976,-594.1381937306643,83
631094,6334.854781522174,-519.0914149026703,83
631434,6221.023860387926,-476.20177286955555,84
631654,6096.083544126452,-427.2638798572608,85
631934,5936.3029797385025,-362.9585826892328,85
632054,5867.93712486412,-335.0998338426856,86
632394,5942.983873736188,-353.9938933253067,85
632614,5840.697569381447,-324.9506162813997,86
632914,5740.268815162396,-283.23652602391417,87
633174,5620.735130439865,-241.5628146862545,87
633414,5485.407796331053,-206.41295489987976,87
633854,5383.655424311703,-182.3410877426368,88
633914,5366.793910254637,-178.92211952059358,88
634114,5311.870601215279,-171.34385295315641,88
634434,5193.633605027854,-173.58276621074185,86
634874,5127.049015682415,-196.02140390778595,86
635034,5093.070234438767,-216.7685103372702,86
635294,5044.751534790345,-263.1937541630768,86
635493,5013.442415223661,-308.7979100258817,86
635753,4979.970637050213,-396.07127403751764,87
636094,4967.304297069536,-495.39178466595666,87
636334,4971.311026201431,-583.2663891980038,87
636534,4980.15007561705,-654.3288350145402,86
636734,5011.961695065106,-796.9472800631809,85
637134,5041.7272894770485,-1160.2460681003881,84
637534,5010.8758176390065,-1273.7898336070266,83
637734,4981.69345099216,-1359.7979115816509,82
638054,4914.767847488726,-1493.3080744745976,81
638194,4876.095835564292,-1547.145565999709,81
638454,4785.161199855732,-1638.7801229558672,81
638694,4682.19737037383,-1710.1835529744721,81
638874,4598.544869183366,-1755.3749132613618,82
639114,4480.774497146316,-1805.035153597618,83
639154,4460.00943787337,-1812.0929374842954,83
639434,4321.532338326661,-1846.879327080385,85
639614,4223.468137313503,-1859.020681191473,85
639954,4029.3453514475477,-1866.3925200150256,85
640114,3853.892274432794,-1865.9258659087252,85
640554,3626.1945264773753,-1862.2197121031459,84
640994,3390.7973751950426,-1856.1220758264824,85
641174,3270.6130946105436,-1853.340223855847,86
641354,3147.602109902682,-1850.4596612020982,86
641514,3036.6292953898924,-1847.2919429207402,86
641674,2924.9251271754842,-1844.8062229994448,86
641894,2770.8203971106254,-1840.8398428314492,87
642233,2526.2117797565834,-1835.1280728655083,88
642414,2380.587162061815,-1831.4578247468528,88
642574,2263.960939302299,-1828.0926850992682,88
642814,2086.5112225489142,-1824.0186178264285,89
642994,1967.7402940260974,-1821.2861211973495,89
643254,1726.689734497038,-1814.9910635544595,90
643574,1529.45308888011,-1810.2260214998264,90
643794,1361.2148381984348,-1805.766087916264,91
644054,1161.1514884581436,-1800.9023351785174,90
644154,1084.7811217857768,-1799.650498796139,90
644374,914.2994546576874,-1798.6499123544456,89
644634,712.7240421726013,-1796.5635083985057,88
644814,572.654122041446,-1795.9173857694402,88
645014,415.6239771701107,-1794.6789990416946,86
645214,259.3251860003947,-1792.7586139538864,86
645474,54.923069391945155,-1790.5734993148333,85
645734,-151.62375297980526,-1789.021027694286,84
645894,-278.9241492142687,-1787.4057510775488,83
646134,-470.60609726758315,-1785.6648345125056,82
646334,-713.2180748829946,-1783.5604777131036,81
646774,-988.3371499170842,-1780.3209480578985,79
646934,-1117.7822519148485,-1779.3383144596673,79
647214,-1345.529355211824,-1777.0455127157697,77
647414,-1506.7995562682042,-1775.6590599633541,77
647654,-1701.3082084448822,-1773.8194327151978,76
647814,-1830.0219567410272,-1772.1548007569038,75
648014,-1979.3033429438917,-1771.8945444385608,75
648174,-2156.802415038833,-1769.2338292274026,76
648334,-2373.242701842355,-1767.3358702159585,76
648693,-2721.322151748499,-1766.5012726864707,78
649054,-2927.8196187786925,-1763.5354490042414,79
649234,-3028.800258176597,-1757.8865139904167,80
649534,-3217.547815001704,-1732.8993214199609,81
649794,-3302.438672963986,-1712.2464224847618,81
650114,-3436.4917446140566,-1660.867691659826,79
650314,-3553.7147047051544,-1573.2847159882906,81
650614,-3600.624525524797,-1518.5812543915224,82
650814,-3652.5461351509293,-1445.3067946266665,83
651134,-3749.3629730146113,-1279.8997213012565,82
651414,-3789.879055464177,-1204.1934001454904,82
651814,-3933.071781812109,-989.0542751099774,82
652134,-4007.5083137420343,-912.1634257568509,83
652414,-4122.873723697441,-811.9096368717369,84
652614,-4213.933969398381,-745.0513415533214,84
652754,-4282.488269217259,-702.3277183883387,85
652954,-4386.811592230457,-650.5720976744115,85
653274,-4653.661425915317,-572.6223301163044,86
653614,-4776.080146524498,-552.7815427223758,87
653834,-4916.437222283263,-540.0972498982379,88
653994,-5018.929924425962,-537.2256636662198,89
654294,-5211.540647547122,-541.820153707966,89
654354,-5250.5312175972595,-543.9962619693613,89
654654,-5445.385357164834,-552.0500991529766,88
654814,-5551.633538498742,-555.4152088446347,88
655094,-5742.050200515046,-557.963703806193,87
655333,-5970.52865751364,-556.3529004223578,89
655694,-6189.01493939735,-552.2608803060565,89
655974,-6500.634391327379,-540.6713514619694,90
656274,-6605.123733208709,-534.1923520634124,90
656534,-6801.382248416235,-521.678551340308,89
656694,-6922.051105994569,-512.511937421327,89
656914,-7089.212515583728,-497.47654104593045,88
657074,-7211.927368242251,-486.1158660220915,89
657314,-7510.718964512301,-451.62554856348896,87
657734,-7740.305665101506,-420.96699490284436,86
657994,-7940.844615413902,-389.20019765158986,85
658154,-8063.9453343831465,-368.62805655604194,84
658354,-8219.355729404842,-341.26733435796325,84
658534,-8357.805899686358,-314.49887625856513,84
658814,-8681.683369254051,-248.708415655008,83
659094,-8789.089149520127,-224.43912713153875,83
659414,-9031.92097457813,-167.84668294505744,82
659614,-9182.79518136544,-132.1539144015596,83
659694,-9242.393768242122,-116.62946779942514,84
659914,-9391.854622967752,-80.98605459748386,84
660174,-9545.506178536869,-43.781223309190196,86
660414,-9666.749347370422,-10.538269000064675,89
660734,-9812.257301538615,36.995248372279406,88
660934,-9931.732654497859,100.60059433678396,87
661354,-10025.956115291328,178.18241847170367,86
661674,-10073.498579129475,235.03058583177182,86
661893,-10106.907522350808,291.3851997762734,87
662114,-10128.278295377066,348.0269693483851,87
662354,-10134.519464533643,452.96050930372536,88
662734,-10120.556436017861,508.3683953369193,89
663014,-10071.29100845813,602.1656108998401,89
663354,-10028.230874323983,660.0950925853263,88
663514,-9997.850529825144,699.3638418413419,88
663754,-9948.356278401094,759.1912525823462,88
663914,-9913.637167034096,801.1386399370557,87
664194,-9833.228638775812,895.2633900474112,86
664354,-9792.026054777354,940.5220585193198,86
664614,-9693.768905630872,1059.4948816412648,86
665074,-9591.54090308349,1231.3943740639381,85
665354,-9569.829115899238,1285.82412968773,84
665594,-9544.491962704984,1383.287090180478,84
665774,-9536.272076697309,1456.5839760216977,85
665994,-9538.865453767523,1544.4092252121882,85
666194,-9554.524486783766,1622.7852080449168,86
666414,-9586.214969472347,1708.0888615831143,87
666674,-9640.80624077544,1806.2203707812914,88
666914,-9743.343795070869,1929.3749482809212,90
667314,-9903.918518156626,2072.2446732261733,91
667654,-9994.731987149782,2146.169728852997,90
667934,-10115.898871376587,2242.380882919293,90
668094,-10188.249029306498,2297.972740664081,91
668293,-10280.57456104445,2369.120447509098,92
668593,-10420.985465377673,2481.5694490356855,93
668814,-10527.386185969153,2575.1423439231135,94
668894,-10564.3621634372,2610.3953876255036,94
669114,-10659.159935485886,2712.053552150568,94
669334,-10739.191543899251,2811.0734574967655,95
669514,-10804.555699360406,2904.6283995407316,95
669814,-10892.111715810823,3071.8346912385455,94
669994,-10930.128628684459,3178.5854024097516,95
670334,-10971.474745562831,3473.6574251755164,97
670694,-10956.17461963619,3688.9221602034095,98
671054,-10929.823430345608,3876.207009625278,98
671354,-10874.962896346513,4170.749573288553,95
671694,-10845.515800148421,4304.860976701911,95
671894,-10812.560001466905,4438.142315730535,95
672054,-10783.368658398327,4544.668676270322,94
672354,-10852.403091934066,4269.7245965260945,95
672514,-10805.385554053652,4461.240525711278,95
672874,-10758.574413961196,4626.584764084571,94
673074,-10713.383023718381,4765.8066669875325,93
673454,-10595.307513254333,5067.339706352465,92
673714,-10536.812666779431,5202.559353356434,92
673954,-10464.511834235149,5368.428547643389,91
674114,-10416.06749463842,5479.235343288046,91
674474,-10298.149026620775,5756.010043902773,90
674853,-10163.203025677929,6074.642397610824,90
675294,-10080.062000790567,6287.538076243997,88
675474,-10033.022036833789,6418.912509795374,89
675894,-9977.18787561412,6599.507488797826,89
676094,-9934.91292375605,6756.5196808257,90
676414,-9903.33009821639,6870.7454446924,89
676714,-9840.447129531773,7010.057081856744,87
676934,-9763.64601444003,7102.185192228469,87
677014,-9730.784453208724,7131.461766369599,87
677314,-9336.930325382813,7266.291013918089,88
677534,-9138.073929916247,7287.6483073337895,88
677794,-8981.025832201449,7327.446485736368,87
677994,-8863.255460164399,7377.106726072625,88
678154,-8770.342137560669,7424.0973047319185,89
678474,-8574.662406841264,7536.837905163091,90
678754,-8426.363624280704,7630.0069509404075,91
678954,-8309.167563498873,7703.743531666809,91
679154,-8191.338859698534,7775.33540662991,92
679434,-8018.232383046211,7869.760762022507,92
679714,-7838.404633476375,7954.045876275551,92
679874,-7634.846030907291,8029.01183735204,93
680274,-7452.11081937444,8074.9883799150075,92
680494,-7291.464284914835,8096.264915491055,92
680754,-7098.853561793675,8100.859405532801,91
680974,-6920.335980369506,8086.842518486633,91
681334,-6582.908277861945,8024.116562292492,90
681814,-6213.099117884012,7895.873881423696,90
682134,-6088.504289013435,7837.04252397963,91
682334,-5953.046841723414,7765.096155247975,92
682514,-5846.973655679369,7702.6663610591,92
682834,-5638.681473465599,7568.7433726343115,94
683034,-5434.243481126153,7425.756984162484,94
683334,-5321.11251119543,7342.562130700663,95
683574,-5172.32020517523,7226.990293001372,95
683874,-4998.1055148882215,7069.493494023736,95
684054,-4899.067686654489,6967.687263474002,94
684274,-4784.106095853267,6835.6083755302725,93
684494,-4441.038494665467,6407.5959679820235,92
684854,-4336.315855686913,6265.969102997418,93
685094,-4238.668953438498,6104.070732155435,93
685314,-4163.586328835434,5944.375398840039,93
685474,-4113.342800822228,5823.046968978006,93
685674,-4049.9035036817827,5674.371296528455,92
685974,-3950.722112612209,5455.108778834471,91
686274,-3849.396015779335,5236.478904158994,91
686394,-3808.59277770216,5148.734412808156,91
686574,-3749.5326263496986,5016.485032763392,90
686814,-3675.091621186871,4838.416122646135,88
687054,-3609.9607927788657,4657.134642094791,88
687234,-3565.962937111067,4519.043408858805,88
687434,-3470.2094906852676,4262.401094542593,90
687794,-3387.3287520721756,4103.140982879477,91
688033,-3281.399158819898,3935.2930717414256,92
688213,-3193.5784128182363,3816.190105482345,93
688514,-3019.38167537469,3617.656741374384,93
688714,-2795.4798154862333,3403.9444180551855,91
689154,-2507.649578274666,3156.868003667383,90
689474,-2390.4759735251246,3067.871675934166,89
689634,-2282.0202814317254,2992.6230025070427,90
689894,-2099.8908136081145,2879.4246944353745,90
690134,-1926.2818370744196,2785.627448916527,91
690414,-1626.8037692114046,2649.227716992174,91
690674,-1519.357610025503,2605.8534979652236,92
690974,-1288.1377099320255,2520.6575015759436,92
691174,-1021.3865869302793,2439.881029894473,91
691534,-845.9021074174309,2399.791162719529,92
691734,-683.4249520873266,2372.1836638136674,90
691994,-469.86970117045547,2348.4527808584926,90
692154,-338.57602545873027,2339.622677908677,90
692354,-195.87682257043835,2333.2244363497716,90
692694,13.447348583118563,2330.159901984429,91
693114,285.9864962016282,2334.0858433207454,92
693974,873.6717510770553,2366.6287565585676,93
694134,978.0713586970029,2377.84133560181,93
694354,1113.8114883817307,2395.0348574392133,92
694593,1254.7698046609062,2419.829071920418,92
694833,1463.053040408871,2488.2622050238915,89
695154,1545.4402555623228,2537.742976837383,89
695434,1667.3789023664976,2645.9832947210934,89
695714,1772.7521671629456,2766.1226931969377,89
695914,1850.3833466394221,2861.759506052088,89
696114,1968.535111754293,3003.386341080766,90
696414,2050.9896350927634,3095.3170300862644,91
696574,2163.2322388313933,3209.5562436075984,92
696794,2265.2762696671803,3295.1425495845765,91
697114,2506.093532099016,3423.995357527734,94
697454,2627.3636301977617,3452.3072509140957,94
697654,2756.6696425925866,3467.602843695982,95
697914,2979.938889418465,3478.9096302335083,94
698354,3217.292301519603,3488.3095112937867,94
698534,3338.5040678550604,3494.6897700533036,93
698674,3434.908140098754,3499.81371919754,93
698974,3644.775220009434,3512.296057510696,92
699134,3856.7376503418586,3523.9976867806763,91
699554,4060.8032559811422,3532.4373902750135,91
699674,4148.677860513189,3536.4441194069086,91
699934,4340.023297597339,3545.328020975256,92
700194,4630.35273434076,3552.170400696318,93
700354,4750.537014925259,3549.3885487256825,94
700654,4977.790564806668,3532.962226364969,94
700694,5008.103601120489,3529.7810584289773,94
700974,5219.168658883162,3495.5240680235247,95
701213,5398.8931945810555,3455.286134823911,96
701453,5578.954241248115,3404.423383490906,97
701614,5711.840737544287,3360.160768315935,98
701794,5843.165815754107,3311.7074522974767,98
702074,6044.606611869156,3224.721213957523,100
702274,6172.660787881602,3163.6464400670425,100
702494,6328.439096370559,3086.0376866669303,99
702674,6454.249855936592,3021.5035656345804,99
702914,6720.341406654638,2881.3169520209235,99
703254,6859.890844105034,2804.9824610795536,98
703574,7084.806740089818,2681.0920266894764,97
703734,7197.26468808221,2619.146809494437,96
703894,7309.6732807330445,2555.7882402377163,96
704234,7616.446932768789,2385.1719267836634,94
704614,7810.080638452081,2277.232184226268,93
704794,7933.598626230141,2207.825363990368,94
705074,8147.790993398421,2080.7717145077604,94
705394,8285.38417003001,1988.9397062294495,95
705574,8367.43037102547,1927.3489528470384,95
705814,8464.677957308528,1855.3218262757318,96
706054,8555.105559990963,1790.6082367206177,97
706254,8636.4204072848,1728.335484978143,97
706534,8711.835069624129,1659.1933942934886,98
706694,8747.882272024328,1617.604943984309,98
706834,8774.866074377487,1579.8706835494515,98
707114,8817.55826508845,1465.1737923435483,97
707574,8806.93792018796,1363.6592206102512,97
707674,8795.958638241942,1332.9109626441516,97
707953,8731.375161868036,1205.6868510164375,97
708374,8677.138324421641,1111.3557031181238,97
708594,8607.246927191905,994.2224772884082,96
708994,8515.020076181141,845.3224841633639,96
709334,8467.07826642171,769.1674917006861,95
709594,8399.726417687729,663.9737253829292,95
710394,8180.266448671591,336.26452197320435,92
710734,8075.359808025517,168.7037964186896,91
710914,7969.8698797024945,4.701128689157075,90
711254,7901.154034248387,-99.02993022536117,88
711494,7762.883302533709,-330.5190331029861,86
711834,7692.516304731867,-420.7492144191935,86
712174,7559.7957973479015,-554.0843820222774,85
712334,7490.128750749584,-604.0093519097786,85
712634,7313.522548035565,-677.0863603524814,84
713034,7124.460906317657,-701.6158452824408,82
713214,7020.554852113275,-698.6949037088665,83
713414,6904.274116744657,-685.4362996295099,83
713654,6694.967898434561,-641.3352001338426,83
714094,6442.399651391188,-559.6389298062574,83
714413,6327.155378195259,-516.699932431586,83
714593,6224.532562871352,-477.03183725428784,84
714894,6040.240436440979,-405.50273733145065,85
715014,5971.1925832065335,-376.91263478328426,85
715194,5867.255126504058,-334.3684801410664,86
715434,5738.904818442272,-281.7738186206758,87
715674,5525.416875710419,-215.59301847349434,88
716054,5401.930290430452,-185.80941130623705,88
716394,5203.675135484296,-169.68819741659382,87
716634,5166.582494489676,-178.298422967892,87
716834,5111.9867199977525,-201.86325709900822,86
717094,5052.944491532826,-251.45171601734413,86
717274,5021.783437990811,-292.81581569510416,86
717654,4981.58141047812,-390.46722113234756,87
717814,4973.765343624631,-431.9390079149518,87
717934,4970.58417568864,-462.2520442287725,87
718274,4969.570139592314,-552.0739331578934,87
718454,4974.227464586176,-601.056678322916,86
718714,4985.112509081983,-674.3131852443104,86
718874,4995.472597664129,-722.079999713878,85
718994,5003.400824855365,-758.4412870068792,85
719274,5024.951066404389,-850.4662134625883,85
719554,5046.425023346664,-1005.4593396754673,85
719934,5043.701503139316,-1103.7119856331212,84
720054,5037.68465465823,-1154.4445938289916,84
720334,5010.144463937388,-1274.4718319670892,83
720494,5008.928533241932,-1268.7690683788057,83
720834,4938.812785380776,-1453.1105501507357,82
721093,4899.113287705383,-1516.110152406,81
721454,4740.113402404683,-1672.583908909652,81
721834,4605.7596955164445,-1751.3816337841,82
722054,4508.023029050722,-1794.6660885937415,83
722294,4387.089441921142,-1833.6028001134937,84
722534,4258.950004880215,-1856.0145085453448,85
722694,4170.976689665054,-1862.847941800603,85
722854,4334.0057301740135,-1854.3902854628036,85
723094,4190.961039894824,-1857.8855083356696,85
723354,3974.175265700406,-1865.8810137559972,85
723774,3781.7619639454724,-1864.8220955510164,84
723974,3655.1929214126276,-1862.5248205742168,84
724154,3455.8115700323992,-1858.3924215380894,85
724514,3292.544729237388,-1853.3985556191346,86
724814,2985.0172674677333,-1846.1971489847626,86
725194,2813.9523126626946,-1841.638504718087,87
725394,2670.4230453896703,-1838.7489656426071,87
725654,2453.399470909199,-1833.2929488061807,88
725914,2290.8146284742506,-1829.030436588845,88
726974,1489.8792311530233,-1808.8440719362395,90
727114,1381.0017670619782,-1806.4570626980574,91
727433,1039.5045004704068,-1799.484479928007,89
727733,899.4345803392516,-1798.8383572989414,89
727934,726.857562789418,-1797.0570618140725,88
728194,521.7240924793492,-1795.5539455350818,87
728414,347.733722867834,-1793.723294708656,86
728594,220.4333266333704,-1792.108018091919,85
728834,27.33802651837422,-1790.317746185319,85
729014,-119.0673002195702,-1788.7428484884076,84
729234,-297.2977260161305,-1786.764131637312,83
729414,-443.0210543940125,-1785.9205876420197,82
729674,-654.4899313108701,-1783.4886962951832,81
729894,-833.4517108090497,-1782.1919778041502,80
730114,-1011.6821366056099,-1780.2132609530543,79
730294,-1158.0874633435544,-1778.6383632561428,78
730454,-1288.9459174030005,-1777.606374316355,78
730774,-1547.8361213985293,-1775.6411071198925,77
731014,-1741.6134198735879,-1773.1194815116735,76
731194,-1887.3367482514698,-1772.2759375163812,75
731314,-1999.0902718074349,-1771.2035696567673,75
731534,-2216.943910672639,-1769.2562553037665,76
731754,-2433.384197476161,-1767.3582962923224,76
731974,-2588.318991925752,-1766.9006186077527,76
732294,-3023.878203631489,-1758.765933716706,80
732674,-3176.758026579162,-1739.9840345718312,81
732854,-3261.7969505661144,-1723.5711918216766,81
733034,-3340.935689598557,-1700.2890101293406,80
733314,-3451.0604868831524,-1652.576024234232,80
733454,-3500.8553435894455,-1619.7054865811947,80
733754,-3617.526418501689,-1496.0573556659983,83
733974,-3655.2247732496226,-1440.968027758508,83
734293,-3734.7538518256897,-1307.2963192303316,82
734514,-3792.607048904427,-1201.2679853390136,82
734774,-3876.860760659375,-1061.0634488378219,82
735054,-3943.25240187149,-976.6706175240081,82
735294,-4039.0283043295794,-882.7612116674139,83
735594,-4171.107162317383,-774.8483983752118,84
735814,-4276.933571653645,-705.3518438779289,85
735994,-4370.780142558123,-657.4997683798808,85
736054,-4402.843041902791,-643.6444269689425,85
736394,-4601.663531682434,-582.9285901239916,86
736614,-4777.493498586179,-552.7321873808191,87
736994,-4985.691473305664,-537.6788381619609,89
737194,-5115.917284346604,-538.7915549854737,89
737414,-5260.424682029031,-543.650774578465,89
737614,-5390.847914436198,-550.4168996487044,88
737854,-5647.207546357704,-557.0304555054452,88
738254,-5831.921444785723,-558.3630197715485,88
738354,-5904.051755273045,-557.25924941384,89
738634,-6107.722518179875,-554.3921364147244,89
738854,-6270.307360614824,-550.1296241973887,90
738994,-6374.164059477648,-545.7953305621322,90
739194,-6523.198668972729,-538.4683139353807,90
739474,-6824.677879763204,-520.1575121737825,90
739774,-6960.84425467848,-509.03463743599616,89
740114,-7221.771477332465,-484.3570265695133,88
740234,-7314.12393833561,-474.7641674199836,87
740494,-7514.959020697345,-451.47748253881883,88
740713,-7777.5867510406215,-414.712346135707,86
741174,-8057.609927776357,-369.5568316238874,85
741234,-8088.555607108683,-364.2309579245958,85
741514,-8322.669519510544,-321.38616804420906,85
741814,-8647.960341139918,-255.54635209909534,83
742054,-8723.78779905516,-238.7476430382177,83
742294,-8907.703035596543,-196.94829175225257,82
742594,-9132.259994535796,-143.82417112937105,82
742814,-9349.750193166641,-90.94682721427414,84
743134,-9459.201968512905,-64.4834775859465,85
743474,-9624.694272910869,-21.91239367853583,88
743654,-9724.153873142248,7.032172682257605,88
743894,-9815.716648680484,39.23866481869348,88
744094,-9879.743736686709,69.77605176393457,87
744254,-9927.591308995927,97.6258241887498,88
744454,-9980.697446819418,136.9798344732464,87
744674,-10031.412102171827,184.03324808465703,87
744894,-10072.767225427857,235.71258419183442,86
745074,-10100.917603134914,280.56296027665644,87
745394,-10134.308593512786,377.95413935148343,88
745774,-10133.491978782684,462.1226200338777,88
745974,-10118.896307248397,515.3858003037707,89
746214,-10086.945568241474,579.3635329684374,89
746414,-10027.450165280809,662.1904430070706,88
746834,-9963.131418458146,741.3112291960515,88
746934,-9940.944030701787,768.837940306335,87
747153,-9844.979653343275,882.9380642247295,86
747433,-9774.325499913824,961.130075345865,86
747594,-9727.124020277744,1016.0847868833179,86
747794,-9676.700993785847,1082.247604231111,86
747974,-9634.807435005598,1147.2932015665626,85
748214,-9592.27225678511,1230.7123757038764,85
748454,-9557.82234820226,1325.7344983839828,84
748614,-9543.563187637137,1389.6224967872665,84
748854,-9535.917612884681,1486.995723018632,85
749094,-9545.33097355552,1582.134509225314,85
749294,-9588.844252229483,1713.8409805129545,87
749774,-9663.747408309782,1838.1531569447513,89
749994,-9760.443109413987,1946.2454387597188,90
750374,-9866.794474663911,2041.2316857088285,91
750634,-9997.459980590033,2149.095143659474,90
751034,-10146.202931268675,2266.0803334204466,91
751194,-10219.23508755865,2322.4035448668537,92
751434,-10331.535993104642,2409.1071008121,93
751634,-10426.49080759973,2486.006926586957,93
751874,-10543.80350195221,2591.281480700292,94
751934,-10571.182147037824,2617.7089246416954,94
752154,-10666.661917446574,2720.098442868379,94
752394,-10761.500068415087,2840.861537896925,95
752674,-10888.217147016674,3061.7931607821038,94
753034,-10938.303632583478,3207.8799293943443,95
753254,-10964.511199126366,3348.8876010150766,96
753474,-10971.416413799543,3495.589059802361,97
753753,-10957.004684020922,3685.4134577199834,98
753893,-10943.804411704854,3779.762558461759,98
754113,-10920.930522399603,3928.254259199716,98
754274,-10899.043739925488,4048.478918704041,97
754574,-10848.786702345795,4292.239518829889,94
754894,-10808.508390226356,4452.859124024301,95
755914,-10569.10889317725,5128.688156259996,92
756234,-10478.268464962974,5339.192352422084,91
756394,-10430.65418975098,5446.490445583316,91
756634,-10359.865419951491,5609.5822910884635,91
756854,-10295.124901131185,5761.564741466385,90
756994,-10254.24087525843,5858.484793202009,90
757174,-10201.062926061091,5983.277043438814,89
757454,-10120.510805011041,6182.819910498346,89
757614,-10075.427101873069,6298.69682671278,88
757774,-10033.90145656008,6413.990455250267,89
757974,-9987.000582206241,6561.643115181761,90
758294,-9926.710990591839,6788.780001536595,89
758514,-9889.860623116172,6912.019810108778,88
758774,-9786.36733453178,7079.629891004849,87
759114,-9696.706961281961,7155.035576922447,87
759354,-9580.785162958873,7212.543286610287,89
759514,-9424.517774287251,7250.246114591122,90
760014,-9198.659623624062,7274.90571270229,88
760214,-9081.145004716527,7296.980910164975,88
760433,-8955.190652358726,7337.864906081802,88
760593,-8863.255460164399,7377.106726072625,88
760774,-8748.015660201372,7435.345789462084,89
760994,-8625.264901855926,7506.058244698896,90
761174,-8523.328558124984,7568.299563987348,91
761414,-8322.183864103348,7695.707617370729,92
761854,-8098.228115728579,7827.97939353593,91
762194,-7935.4593015820365,7910.03006776429,92
762414,-7793.8997447824495,7972.302789550837,93
762574,-7687.099678269687,8011.733054486156,93
762814,-7521.957334495522,8060.446566911104,93
762974,-7409.41412547465,8081.987832038397,92
763334,-7146.225533530789,8101.806133444109,91
763534,-6908.347165515989,8085.716322052561,91
763934,-6702.204162298423,8052.338751373397,90
764194,-6514.928289298286,8005.469279517653,90
764294,-6443.538308934314,7983.16522823472,89
764454,-6330.290675477016,7943.833644026588,90
764694,-6165.0541242085665,7873.677517245606,90
765014,-5881.616482439616,7723.687173461561,92
765454,-5585.476624958994,7532.216066473179,94
765854,-5321.11251119543,7342.562130700663,95
766174,-5209.493604009502,7256.589928457036,95
766334,-5113.224148135845,7176.814043217259,95
766714,-4856.833143672171,6920.9299819119315,94
767013,-4744.065613975807,6786.805098888014,93
767273,-4613.180260607094,6624.453553550289,92
767574,-4348.493115484925,6281.960173749927,93
767934,-4225.374473628145,6079.55019369128,93
768174,-4151.853267111432,5915.664159532395,93
768334,-4062.9512067843525,5705.958595301018,92
768714,-3978.378936903701,5514.09267553611,91
768994,-3883.626046963668,5309.8430981852325,91
769134,-3836.2989573352083,5206.304957448113,91
769294,-3781.7166624538445,5087.655165684773,90
769514,-3709.608807998813,4923.818486867445,89
769754,-3640.237923405763,4742.388940291433,88
769994,-3578.081865145791,4556.966114238157,88
770174,-3531.9886590562483,4418.0941719589955,89
770434,-3452.437154403817,4224.280967797014,91
770594,-3390.6893885309314,4108.211103449254,91
770874,-3265.910617904687,3912.818528357458,92
771054,-3176.6271644997873,3795.0795588185024,93
771314,-3035.0676376561278,3634.4778765116253,93
771354,-3011.830338072446,3611.025202718255,92
771574,-2887.311793808618,3489.225645517019,92
771934,-2667.8384350497017,3290.5262625409264,90
772134,-2542.045628327131,3184.9555763782514,90
772234,-2386.3346280231926,3064.8969057861323,89
772594,-2236.3667702273638,2962.7272350020394,90
772894,-1967.309425783014,2806.1636843251513,91
773354,-1685.374870337128,2673.914274324461,91
773533,-1549.3745142899838,2617.5147782713043,92
773753,-1272.738903278197,2515.874536633775,92
774134,-993.3169670628727,2433.240514816613,91
774534,-771.3892908807558,2385.868513123572,90
774734,-517.1429622244564,2352.2262128931634,90
775174,-291.3027644047294,2335.849245874006,90
775354,-166.14707393356667,2333.6013262387632,90
775634,78.56025410358866,2330.7162603961856,91
776034,329.1677670952541,2334.7005334957894,93
776214,469.435108592636,2339.7078191134506,93
776394,609.8011607731314,2347.541808854475,93
776574,746.6585104702009,2356.2058629802323,93
776874,999.3703503053415,2379.9277096018227,93
777174,1152.2187707549192,2400.7690235255914,92
777474,1326.128382526783,2437.1482337061275,90
777634,1448.672743084271,2481.6889981310496,89
778074,1645.3395806348092,2622.6966397958554,89
778354,1726.9640395885472,2711.1186263179275,89
778594,1817.1269426756628,2821.176115417504,89
778874,1922.7963395214508,2949.795626263438,89
779054,1993.5985589755712,3032.227693569618,91
779314,2099.456400765855,3145.9823300971157,92
779574,2211.402872455145,3251.74143124836,92
779774,2304.4732375052754,3323.490348657861,92
779954,2436.5341726055435,3397.4153743287584,93
780333,2699.1574297159173,3461.828298689778,95
780794,2982.0835951817653,3479.542273252014,94
781074,3097.5432425873832,3483.293249254394,94
781414,3310.1383159383136,3492.8501727610737,93
781534,3392.359512223634,3497.0543232591954,93
781854,3685.9104958228727,3515.1048087905974,92
782234,3942.467549110605,3527.3717728940646,91
782534,4101.207178092962,3534.5641431948525,91
782894,4449.829536756229,3549.276418343863,92
783214,4643.804256597515,3552.4082009823705,93
783434,4808.484449454208,3547.364979721859,94
783694,5064.440262221528,3522.153436519984,94
784094,5410.101300391395,3452.064587968094,96
784474,5588.748994996773,3401.251191976646,97
784614,5691.569231686907,3367.2365050460753,98
784954,5938.7218707696065,3272.286133827962,99
785154,6080.810856715755,3207.891102398551,100
785314,6194.24693511755,3153.6946438719833,100
785514,6404.208222522515,3047.307342979209,99
785914,6612.657447182684,2938.142693304628,99
786114,6750.892243254512,2864.6842618281785,99
786354,7015.422375886208,2720.3069473710325,97
786773,7211.833430351306,2610.8551420688427,96
786953,7338.810765271236,2539.204905386528,95
787174,7508.861683979949,2444.8243721907315,94
787394,7665.70785713969,2357.2727990172907,94
787554,7780.261155553827,2294.546872779076,94
787814,7945.390019717432,2201.0457593095684,93
788074,8158.851033184091,2073.3101114668993,94
788354,8250.158055592814,2013.518576456892,94
788634,8374.349065309207,1922.8621199542104,95
788934,8525.434143117378,1812.1629814584696,96
789254,8648.79508844904,1717.9978224723616,97
789494,8712.51706798419,1658.4620405918695,98
790434,8815.386630059955,1402.9863016295544,97
790734,8779.909235726145,1298.8020682192955,97
791114,8730.643808166416,1205.0048526563749,97
791374,8660.60434491201,1083.631570641614,96
791734,8617.782011063913,1012.2505666993736,96
791994,8563.742594983747,923.572827047787,96
792214,8514.288722479521,844.6404858033013,96
792374,8447.6188721056,738.715365783926,95
792714,8391.533460945247,652.231687237197,95
792934,8333.35269936315,566.5287177336436,94
793273,8210.162216176594,381.9180331775663,93
793654,8130.081222465747,256.650182368657,92
793894,8055.169060007789,137.56967214186727,91
794094,7948.216424281528,-27.796992307790447,89
794454,7875.547678269984,-143.41815539271104,88
794674,7801.070737464307,-270.2967796295284,87
794794,7744.30332794389,-356.0491044746383,86
795094,7635.807226974738,-484.56990463745893,85
795274,7562.721212154378,-551.3563885820274,85
795494,7467.021564347111,-617.3531870616887,84
795754,7339.941015555238,-670.2259978320308,84
795854,7287.104080515893,-683.9467228729325,83
796074,7166.278180491157,-699.5384477041586,83
796354,7009.248035619822,-698.3000609764131,82
796554,6895.112006014503,-684.4088138785509,83
796734,6790.384863847121,-664.4782922232397,83
796994,6639.6093677429235,-625.9588195563782,83
797174,6453.558401859972,-564.2738287237556,83
797434,6384.4118379424135,-538.5104302989528,83
797694,6232.913964558328,-480.1546734269912,84
797954,6080.73409281418,-421.0675628534106,85
798234,5916.762827582742,-355.2008475990307,85
798454,5714.442611741404,-273.1366638041848,87
798794,5584.333464227039,-230.38611137400963,87
799074,5354.172452382615,-175.65121732322007,88
799434,5237.743650989326,-166.63266942890874,87
799714,5132.949200636925,-189.15206496560424,86
799793,5110.57336793607,-201.81390175745167,86
800113,5015.784542353187,-302.51185876064903,86
800574,4981.630765819677,-389.05386907066577,87
800734,4970.73224171331,-458.01198804372757,87
801034,4969.152870783497,-503.2392540175408,87
801354,4976.995836946252,-623.0870236328736,86
801734,4995.472597664129,-722.079999713878,85
802234,5021.20456363491,-836.1846268211017,85
802394,5040.264612029737,-938.7356607270889,85
802774,5047.048689943438,-1028.1223280039303,85
802954,5044.580922865604,-1098.7899310880139,84
803294,5013.316655451647,-1264.6770782184308,83
803554,4986.377705251215,-1347.225809051186,82
803894,4985.063063872647,-1344.3497495862657,82
803954,4976.425909056156,-1368.8119562871332,82
804154,4941.154912510304,-1446.8244988855033,82
804414,4879.070605712326,-1543.0042204977774,81
804614,4816.5600536838,-1610.8675455348614,81
804814,4741.576109807922,-1671.2199121895271,81
805034,4649.730651874977,-1728.1533106221493,81
805314,4460.740791574989,-1811.410939124233,83
805674,4355.017566154743,-1840.2657412677174,85
805914,4235.555662850132,-1857.3201735021821,85
806174,4101.574372617983,-1864.669586249371,86
806333,4005.2690110574026,-1866.9668312702438,85
806653,3738.630048393403,-1864.023433664379,84
807034,3568.9290903084893,-1860.9274968009415,84
807254,3428.9578808604474,-1857.4546700485125,85
807494,3283.333263165679,-1853.784421929857,86
807694,3146.9201115426195,-1849.7283075004789,86
807934,2881.1112132633525,-1843.276207411188,87
808274,2738.9952980520097,-1840.436023677265,87
808534,2551.6521168668532,-1836.0164690135284,88
808734,2332.5331919646383,-1829.779743133926,88
809114,2125.4030819159384,-1824.669213688396,89
809354,1945.1266610391908,-1820.496435732443,89
809594,1764.850240162443,-1816.3236577764897,90
809834,1551.3847235069543,-1810.2843532631139,90
810134,1351.321373766663,-1805.4206005253673,91
810414,1072.7429515907043,-1799.937654423748,90
810834,806.7859872867673,-1797.725610519502,88
811054,634.8909680969961,-1796.6756687362522,88
811174,540.8290229828302,-1795.513566615256,87
811474,303.18845525408307,-1792.8752774804618,86
811754,62.72118340197264,-1790.1382776625542,85
811994,-114.82724403452521,-1788.8909145130776,84
812234,-309.3358962112029,-1787.0512872649213,83
812574,-583.7729728852302,-1784.5431113113352,82
812754,-730.1782996231746,-1782.9682136144238,81
812854,-811.5200761822056,-1782.2503095674374,80
813153,-1055.5454058592984,-1780.0965974264793,79
813353,-1334.2225387183705,-1777.4403554482233,77
813794,-1598.0347972590068,-1774.5956685254712,76
814034,-1778.409928818868,-1773.2495946928816,75
814254,-1958.7850603787292,-1771.9035208602916,75
814474,-2207.0504462408667,-1769.6017426946632,76
814894,-2499.179101356693,-1767.1833010024598,76
815074,-2625.115500871032,-1767.030731788961,77
815234,-2727.706913696845,-1766.9858496803065,78
815394,-2821.7688588110104,-1765.82374755931,78
815674,-2975.1422351742503,-1761.1753690312519,80
815894,-3152.1477538536246,-1744.3811332032772,81
816254,-3251.270843115837,-1726.0613849758745,81
816494,-3376.6060021097646,-1688.430308457033,80
816934,-3548.2587178246545,-1579.135545601244,81
817274,-3620.9364103020016,-1492.4005871579025,83
817494,-3682.0605095781125,-1398.9937111386066,83
817674,-3763.972094203533,-1252.5031233721816,82
818074,-3832.5891990186,-1130.533074069912,82
818374,-3948.026390391927,-971.5511416126739,83
818634,-4030.1129703072106,-890.8554577267819,83
818974,-4231.9127034677895,-733.1029056196314,84
819374,-4388.906942652201,-649.7913886312357,85
819613,-4530.125485293793,-600.99258522188,86
819813,-4654.343424275378,-571.8909764146853,86
819994,-4781.733554771225,-552.584121356149,87
820174,-4895.968295059656,-541.5195783816504,88
820434,-5125.810748778376,-538.4460675945769,89
820794,-5285.232376120795,-544.9070841937454,88
820974,-5405.712788754634,-550.6053445932,88
821154,-5528.970550170279,-554.7915422478598,88
821434,-5796.5382879021245,-558.1835512487839,88
821734,-5940.1169105167055,-556.7073642349858,89
821954,-6102.069109933149,-554.589557780951,89
822154,-6250.520431751281,-550.8205989791819,90
822354,-6401.0177486495995,-544.8575790725557,90
822574,-6565.599230823179,-536.9876536886807,90
822934,-6839.493398740083,-518.9326050565963,90
823134,-6992.570643053982,-505.80411415844856,89
823294,-7116.0168494141235,-495.12543749467216,89
823394,-7192.871793080326,-487.4888391639473,89
823754,-7563.546923129915,-444.827991039228,87
824014,-7671.298190786887,-430.45216694752986,86
824194,-7810.677136136249,-410.019115454921,86
824414,-7981.634403836444,-382.1154844997197,85
824734,-8229.88183685512,-338.77714120376635,85
824954,-8493.429365844511,-287.8291288422811,85
825334,-8694.304827126072,-245.43751345763536,84
825534,-8923.151197591927,-193.57867887176593,83
825854,-9089.473566374623,-154.5162974477805,82
826233,-9356.767598133492,-89.28669844480864,84
826614,-9506.910451219186,-52.91193154124819,85
826774,-9751.442783966479,15.768038181862183,88
827034,-9845.684197603408,52.313297186456516,87
827194,-9926.909310635863,96.89447048713063,88
827654,-10012.948791108583,165.7000502026203,86
827874,-10082.89849014568,249.50959383948555,86
828134,-10100.235604774853,279.83160657503726,87
828514,-10133.675950494278,375.8094335881825,87
828734,-10134.470109192087,454.3738613654062,88
829034,-10119.677016291573,513.2904498820263,89
829334,-10080.264674243788,588.3282223323636,89
829554,-10023.012687729535,667.6957852291272,88
829934,-9941.675384403406,768.1559419462724,87
830354,-9830.985222329398,898.7227371892808,86
830534,-9766.962607556077,969.3634110081709,86
831014,-9652.072768216849,1118.8870707299902,86
831414,-9589.24813129552,1236.2670732674894,85
831594,-9549.719125721162,1355.1681149715146,84
831894,-9537.941181888506,1429.0482884896835,84
832094,-9536.442568798344,1512.4854154704585,85
832434,-9562.7982013659,1649.253030906146,86
832594,-9588.16225386942,1713.1096268113354,87
832753,-9621.373775724525,1775.1176490025634,88
832973,-9676.606666467856,1854.8755813988791,89
833134,-9731.067824589743,1916.2105816517762,90
833514,-9904.600516516688,2072.9760269277926,91
833854,-10002.96532281209,2153.5326212107457,90
834134,-10124.863560740512,2249.061776916979,90
834254,-10233.02312078457,2332.7905627141918,92
834594,-10335.677338606572,2412.081870960133,93
834834,-10447.780822786337,2504.4388351521065,94
835114,-10588.281461380942,2634.5794151204927,94
835374,-10697.885775984778,2757.980769327906,95
835594,-10782.345885527684,2872.0136150172093,95
835774,-10861.924319445308,3004.271971483704,94
836094,-10925.067484536412,3161.427756303345,95
836334,-10961.406315797123,3316.232437571728,96
836494,-10971.106832095571,3423.4093939734826,97
836674,-10969.639621503504,3546.469734022901,98
837034,-10941.897506227606,3793.8467237370187,99
837254,-10901.484577738129,4039.366163315445,97
837534,-10881.850188132157,4135.6131931127375,96
837834,-10837.116445617983,4342.774705659532,94
837934,-10834.092320128393,4348.329403223145,96
838174,-10839.853415479964,4325.1818379008455,94
838454,-10790.592461153137,4520.157114227898,94
838654,-10716.55521523264,4756.011913238874,93
839034,-10654.14784712013,4922.226594916725,92
839313,-10557.59567889584,5154.465004339431,92
839734,-10401.38208884275,5514.806945116141,90
840074,-10339.813761536703,5656.994641745404,90
840354,-10230.33502696932,5914.960543905989,89
840674,-10164.715088422723,6071.865048829019,90
840914,-10096.45689069726,6243.53571738737,88
841054,-10059.032211966376,6342.699185569409,88
841334,-9999.738703604837,6521.050748125446,89
841574,-9940.52595308295,6737.612171688445,90
841934,-9908.063707817,6856.759990100253,89
842114,-9874.493218960439,6946.860058235253,88
842334,-9817.330966707568,7043.919199573816,87
842654,-9689.442779607327,7160.44220846139,88
842834,-9531.407575061396,7228.507428097603,90
843274,-8975.224357930052,7331.489120555187,88
843634,-8746.552952798133,7436.709786182209,89
844054,-8589.82341320904,7528.169347848505,90
844254,-8477.015474636923,7597.813938414532,91
844414,-8386.58336876566,7654.79669218871,92
844714,-8214.446046101008,7761.991571478,92
844954,-8070.100164097884,7843.2705130849145,92
845134,-7957.054425239715,7899.463581394187,92
845194,-7918.202944792516,7917.9179160357,92
845554,-7682.078913041466,8013.6803388832295,93
845734,-7560.512682893381,8050.472344639681,93
845893,-7363.890727451497,8088.888573478674,92
846314,-7143.398829407426,8101.7074227609955,91
846574,-6923.162684492869,8086.941229169746,91
846814,-6731.736489569069,8057.615269731132,90
847234,-6430.23485270223,7979.162972335727,90
847514,-6262.606818962697,7916.70624888166,90
847714,-6126.07253058016,7855.335342941839,91
847994,-5938.478099454318,7756.804487822381,92
848154,-5832.4049134102725,7694.374693633506,93
848334,-5716.10175196529,7620.974593920344,93
848594,-5473.610941065282,7453.3106245379595,94
848994,-5296.995791885459,7324.031511452401,95
849274,-5125.598829300083,7187.15170572304,95
849494,-4998.1055148882215,7069.493494023736,95
849674,-4899.067686654489,6967.687263474002,94
849914,-4712.841755437602,6748.922772428487,92
850254,-4518.974752657087,6505.835164285045,92
850634,-4378.155555936777,6324.033201052942,93
850954,-4241.298236195635,6109.822851085275,93
851154,-4172.106820125349,5963.77646139286,93
852074,-3828.9943967407476,5192.606658483574,91
852314,-3788.922512365192,5104.180168772674,90
852533,-3716.765302568604,4941.756842017028,89
852854,-3598.5238631042043,4619.943290417058,88
853214,-3526.1961612065825,4401.618524212651,89
853474,-3451.073157683692,4222.818260393775,91
853714,-3355.2344502294127,4049.6624283998945,92
853874,-3215.936292675629,3844.5648338208225,93
854334,-3043.2516179768777,3643.2541209310552,93
854474,-2961.2637487447078,3559.7317329217994,92
854734,-2792.0698236859207,3400.2876495470896,91
854874,-2704.91312320086,3322.952602119953,91
855114,-2476.6635200225137,3132.4371994646103,90
855474,-2318.6597479306047,3017.251228076042,90
855814,-2081.86272419715,2868.889610563366,91
856014,-1894.9996467729272,2769.676757083844,91
856334,-1701.4063200094622,2680.8419450299302,91
856494,-1580.7554152745897,2630.6387659806237,91
856794,-1244.7679940939038,2506.4073174325513,92
857274,-980.6955091908511,2429.9696126192393,91
857434,-854.3328644459642,2401.5006468305505,91
857594,-727.7727983348508,2378.6850892885886,90
857794,-567.1935720602639,2357.5117076726297,90
858054,-359.77630638395533,2340.363008032027,90
858274,-200.11687875548347,2333.3725023744414,91
858454,-58.000963544140546,2330.5323186405185,91
858754,196.7478949494565,2331.541821592089,92
859033,336.9658811052818,2335.1357551480687,93
859353,586.4068187430488,2346.2361438976377,93
859574,772.1975582635844,2358.144170955575,93
859794,1038.4596310385923,2384.930521986582,92
860114,1146.5160071666357,2399.5530928301364,92
860294,1261.154566609252,2420.313648914254,91
860614,1513.507469398863,2514.8018093030414,89
860894,1581.0298102338788,2564.094136172037,89
861214,1725.451976843752,2708.3412775361207,89
861414,1808.2026322315626,2808.752078911709,89
861554,1865.1091313549189,2878.2261773767013,89
861734,1937.5714795785045,2967.6756496497333,90
862034,2113.401476438176,3160.3536509999853,92
862354,2192.3876762130462,3234.009473886735,92
862634,2388.3725154035224,3375.7484692531593,92
862954,2517.5484146171393,3427.8405709803255,94
863194,2674.3003802825965,3459.1586370128157,95
863354,2782.9400440875893,3470.2231500313874,95
863734,3080.5336625056466,3482.472161291393,94
864094,3354.100295875115,3495.5602133578623,93
864534,3588.7750698775603,3509.2988612862987,92
864594,3629.9103456909984,3512.1076125662003,92
864894,3945.294253233968,3527.2730622109516,91
865234,4092.677710381315,3533.446923182511,91
865553,4329.398479463947,3544.9915100060903,92
865633,4388.907332079247,3547.158641845755,92
866454,5015.852359788959,3528.8029280195756,94
866594,5107.374756407371,3515.70136638662,95
866854,5306.984931651921,3477.5991625285756,96
867074,5471.113239329759,3436.490786024403,96
867254,5602.0524512288575,3397.2489360776535,97
867474,5756.574450102534,3344.447876769306,98
867754,5946.371918754963,3268.481299295196,99
868014,6178.215485445216,3160.622314577453,100
868294,6290.188856443771,3105.06185933076,100
868554,6449.3771567330405,3023.796337422551,99
868714,6545.9517210777685,2973.0188471180268,99
869034,6727.260100938378,2876.8301191280952,99
869234,6901.551075832134,2782.301519907628,97
869594,7005.6769774791055,2724.8924909469747,97
869714,7061.223953115239,2694.6512360510746,97
869974,7172.950547406012,2632.024020495973,96
870274,7295.104538463949,2564.079907663311,96
870434,7355.474857962076,2530.132528917758,95
870614,7421.399875023817,2493.161024682615,95
870774,7477.628849020013,2462.188416085096,95
870994,7551.885912427174,2420.680723615568,94
871294,7648.3617660887885,2367.07652918768,94
871454,7699.03604252137,2339.1280460797507,94
871614,7749.02832059389,2311.9109166734406,93
871954,7885.019700219304,2234.9931380551216,93
872253,7927.361930306466,2211.5808431815767,94
872413,7966.877456270266,2188.2672589911463,93
872774,8057.017903325091,2135.591839631104,94
872894,8084.060037441537,2119.7892138230914,94
873154,8152.614337260415,2077.0655906581082,94
873414,8188.571805399231,2053.1687187907282,94
873674,8239.048660465587,2019.5668274360717,94
873834,8269.45143104079,1998.6940810582826,94
874094,8318.465578703908,1963.7281929835008,95
874394,8372.935713247525,1922.9114752957669,95
874574,8405.335123561359,1898.4313157514373,95
874674,8422.582503929149,1885.8008814576842,95
874974,8497.808721323981,1831.5236650914649,96
875334,8613.717040036512,1746.8167488848496,97
875654,8665.261759773652,1703.272037756865,98
875714,8674.177093796021,1695.1777916974977,98
875974,8713.83170936276,1655.5859811269493,98
876254,8751.193553141527,1611.1214713528495,98
876474,8786.065203766097,1556.1308541284723,97
876774,8802.473543327424,1519.4734347861317,97
877034,8814.879626989756,1469.5125592117065,97
877274,8816.077604841748,1422.7732304930985,97
877594,8801.818444276627,1358.8852320898138,97
877654,8797.13419001757,1346.3131295593494,97
877934,8773.95969543008,1290.519377215432,97
878214,8733.717288997563,1211.9729022816696,97
878614,8702.062682039981,1156.4752819870928,97
878793,8680.21180525279,1118.3237527434185,97
878993,8654.654804615944,1075.3488796377505,96
879194,8626.073678489509,1026.8193089684694,96
879394,8598.322616747804,981.7984407826134,96
879614,8566.035366771717,928.4455262513375,96
879794,8541.308430519604,888.9793556290946,96
880094,8485.07495333458,798.2556208973211,95
880394,8439.376560021565,725.559975576512,95
880614,8397.532356582871,661.9277303027413,95
880774,8365.393172631453,612.8148719565106,94
881114,8272.197167633016,476.68440272815894,94
881374,8239.32662997998,426.88954602186567,93
881654,8170.512073842759,320.33178298398343,92
881874,8114.377307340847,232.43475237557254,92
882094,8059.655892900618,144.48836642560556,91
882334,7975.819419998561,12.98381969302058,90
882694,7921.394137607671,-66.48245388685709,89
882954,7870.962134694043,-153.1635537998129,88
883234,7812.2878196963775,-253.00004392018266,87
883614,7722.165295529087,-382.16246352324,86
883814,7675.596458911514,-439.2618808239943,86
884034,7620.498154582292,-497.4785181370901,85
884274,7544.585435638568,-564.1662913985446,85
884614,7455.566681828987,-621.1984005142801,84
884834,7385.127902609225,-652.7004382583635,84
885014,7325.026785895245,-671.8277948382081,83
885213,7256.593622835845,-686.4189631836681,83
885453,7124.559617000769,-698.7891411590776,82
885854,7024.844263639877,-697.4296176718549,82
885994,6974.0623001024505,-692.826121252451,82
886214,6893.066010934316,-682.2147527736934,83
886474,6800.960326638955,-665.5551333157557,83
886654,6729.372924908757,-648.9044902795487,83
886834,6654.3261760366895,-630.0104307969275,83
887154,6460.575806826823,-565.9339574932206,83
887514,6315.996627726476,-512.0650335140878,83
888014,6134.481850077909,-442.047996336045,84
888194,5988.63738494055,-383.8896608303102,85
888614,5805.175322894909,-308.85185842404684,86
888914,5709.569912537853,-270.84389201621417,87
889234,5511.332710435159,-213.68611299624555,88
889574,5437.699313624773,-194.84140885518147,88
889774,5371.715964799745,-179.8015392468829,88
890074,5285.066267384884,-168.99274940189812,88
890154,5261.039282336295,-168.15370859543472,88
890374,5206.452484266102,-171.20026016138874,87
890634,5123.441602515875,-198.01804364641677,86
891114,5065.278793777239,-242.68444801964517,86
891274,5043.921470405613,-266.70245664650247,86
891434,5024.610142114174,-292.9145263782173,86
891674,5001.8798456006925,-335.988110166999,87
891853,4989.388500909879,-369.51371691490596,87
892113,4977.036245822004,-419.31755004292984,87
892414,4970.0322905097855,-498.31719947243334,87
892794,4971.369357964718,-561.3347545711594,87
892954,4973.841598275454,-591.8452122512072,87
893194,4981.128206026453,-646.5800763460696,86
893374,4996.105240682636,-724.224705477179,85
893854,5021.2539189764675,-834.77127475942,85
894114,5032.246650577119,-884.6827949922886,85
894474,5046.227601980437,-1011.1127479221936,85
894754,5045.469319013625,-1073.349593977744,84
894954,5038.178208073797,-1140.3110732121747,84
895214,5023.376138751551,-1219.7459442939573,83
895474,4998.236406923523,-1311.5554965399783,83
895694,4961.009149558866,-1405.06555647529,82
896014,4918.572682021492,-1485.65802648924,82
896334,4851.081743684571,-1574.573566426879,81
896514,4804.225751439388,-1619.6348135325607,81
896714,4746.744941060813,-1665.032571607408,81
896874,4695.994380021481,-1700.052288256648,81
897214,4539.659683164841,-1780.20503342949,82
897634,4362.183037146264,-1837.6858138521377,85
897874,4309.444812790032,-1848.579834769676,85
898214,4151.871759161574,-1862.8883207204285,85
898314,4101.574372617983,-1864.669586249371,86
898553,3974.8572640604684,-1866.6123674576163,85
898753,3865.9304446278666,-1865.638710281116,85
899054,3683.459962646261,-1863.5119274053502,84
899254,3500.35683764615,-1859.2404387662837,84
899514,3438.1693469321567,-1857.0688037377902,85
899834,3287.573319350724,-1853.932487954527,86
899954,3236.692645130184,-1852.1556956584868,86
