date,x_rotated,y_rotated,z
600394,-9781.979212322065,7083.721881165225,87
600774,-9681.545954914187,7163.704134237032,88
600914,-9620.269286424576,7196.233657732075,89
601074,-9545.007163342822,7224.0295716265055,89
601334,-9411.74825039056,7251.215268578794,90
601634,-9183.745393964069,7276.507509708467,88
601914,-9059.015948723456,7302.575986648415,88
602274,-8865.4001659277,7376.474083054119,88
602934,-8500.903370082573,7582.374752840877,91
603254,-8248.424827344656,7741.244465048516,91
603634,-8031.199328309129,7863.138199788109,92
603974,-7913.182179564295,7919.865200432774,92
604214,-7759.485741886523,7985.251781970293,92
604334,-7679.934207278166,8014.312981901736,93
604514,-7558.36797713008,8051.104987658187,93
604894,-7292.877636976516,8096.314270832612,92
605054,-7176.637280527723,8102.160597256737,92
605214,-7047.290889213073,8098.351259535142,91
605434,-6873.112074657061,8081.6557343902805,91
605634,-6726.083081322342,8057.417848364906,90
605834,-6580.081573738582,8024.017851609378,90
606054,-6421.853451015253,7976.040136163024,90
606334,-6224.257868352795,7900.508780341194,90
606414,-6168.513471350436,7875.92093369202,90
606634,-6017.60786206503,7800.604952079879,92
606854,-5869.825088952328,7716.907568780761,93
607054,-5737.539833176566,7635.166446300448,94
607354,-5544.01381459812,7503.881717054527,94
607514,-5352.147924789138,7365.579582841754,95
607954,-5092.665486650856,7157.700136292047,95
608354,-4931.80360793749,7002.792241151722,94
608514,-4845.288526892666,6907.083616922724,94
608814,-4689.119878860084,6719.085336686771,92
609094,-4483.708259300064,6462.151363554121,92
609514,-4309.480119358423,6223.994786377517,93
609794,-4213.493345879473,6055.079010568681,93
609974,-4151.803911769875,5917.077511594077,93
610234,-4074.100980831405,5731.1117767836795,92
610534,-3931.0024919336843,5411.967886860672,91
610814,-3875.105555673752,5290.442035632412,91
611014,-3804.6982089080116,5138.692882351714,90
611194,-3742.3267764383513,4999.960029675491,90
611534,-3636.9759976301207,4734.492115598292,88
611694,-3557.007224168872,4491.844232295957,88
612114,-3474.7860578394784,4273.173978700654,90
612294,-3355.2344502294127,4049.6624283998945,92
612694,-3221.342924214572,3851.829015495458,93
612954,-3078.7155327001274,3681.284513415252,93
613234,-2882.5378052881806,3484.106169605685,92
613574,-2691.1744453164965,3311.152232210933,91
613814,-2493.861545048746,3146.4809858200447,89
614154,-2302.094365922878,3005.3521474839085,90
614394,-2126.932947724562,2895.227320243387,90
614554,-2007.6056607899889,2827.381918093838,91
614894,-1744.6279698229139,2699.332185358367,91
615074,-1600.9775657904122,2639.1278547724446,92
615234,-1473.2599007471313,2588.677899015355,92
615474,-1279.0249545434294,2518.2166637633027,92
615554,-1213.970380786247,2496.8413875482147,92
615773,-1032.5946927406194,2443.1025767502897,91
616154,-646.0945108066541,2367.3423671082114,90
616494,-404.954217016212,2343.3557310235224,90
616714,-224.14386380407177,2334.2115431809048,90
617394,347.5906992386725,2335.4722661172345,93
617654,568.665884959693,2344.7330575745736,93
617874,750.2165682951833,2356.7891506571814,93
618074,901.3555046337395,2369.1997075524164,93
618254,1026.3721055019632,2383.2300142972913,92
618614,1251.2117468359236,2419.2457842434687,92
618734,1320.4256189384996,2435.932303010673,91
618994,1453.6935083124918,2483.636282528124,89
619194,1606.577834448993,2586.5507267125427,89
619594,1710.0441937681928,2692.6059599131268,89
619754,1769.0460433132932,2761.299349334943,89
619994,1853.3581167874556,2865.9008515540195,89
620194,1925.7217543279273,2952.523619703688,89
620414,2062.7900050017834,3109.0557079706277,91
620814,2158.7947612801217,3204.050901385542,92
621054,2261.6195011590844,3291.732557784264,91
621334,2458.079940921665,3406.56850863718,93
621594,2536.8014111452903,3432.1210060851968,94
621854,2694.1860198292534,3461.294366354385,95
622054,2819.785908374426,3471.7666152742772,95
622293,2972.8721291100564,3479.1564069412916,94
622493,3099.687948350684,3483.9258922729005,94
622754,3281.7725640215667,3491.010575468844,93
622874,3360.485057823461,3496.0447903516974,93
623214,3658.276097607745,3513.94720985843,92
623574,3824.131842240067,3522.306155513116,92
623834,4007.6791653141886,3530.7548354291844,91
624054,4252.148693065291,3541.3212918433615,91
624374,4398.118798150957,3547.544508156477,92
624694,4638.83284671085,3551.874268646978,93
624874,4773.882001613785,3549.2808616208386,94
625154,5091.195240710366,3518.3889809070442,95
625494,5332.959201097584,3471.739356493891,96
625874,5528.567120443141,3420.3336964037626,96
626094,5692.982583748589,3367.1871497045177,98
626254,5811.735559427943,3323.4180879451146,98
626614,6089.874256762795,3204.0369125242287,100
627014,6406.985571304321,3045.795280234414,99
627294,6564.711164190352,2963.1657616060807,99
627474,6694.61391391676,2894.243518364016,99
627814,6940.433958777428,2761.1326414804985,97
627994,7070.237997820722,2689.38369411507,96
628973,7773.293105928531,2297.620353610223,94
629173,7898.224445768275,2228.164178032765,93
629394,8106.229472354434,2106.2793598030494,94
629834,8240.462012527269,2019.5174720945151,94
629954,8290.207513892006,1985.233582379797,95
630314,8440.511882657001,1872.439093462313,95
630674,8537.17618126311,1803.970024715989,97
630874,8595.105662948597,1760.90989058184,97
631094,8674.177093796021,1695.1777916974977,98
631434,8717.973054864691,1652.611210978916,98
631654,8759.377533462277,1602.3452269334196,98
631934,8798.727040557944,1533.7550214276182,98
632054,8809.67939323877,1502.9484316982312,97
632394,8817.096114170978,1411.4170586580885,97
632614,8790.64174096438,1322.483565876987,97
632914,8763.909188551906,1266.1065258561214,98
633174,8724.595557187236,1193.8954575291477,97
633414,8667.334594251251,1094.009612067222,97
633854,8602.028740597458,986.6217846446074,96
633914,8589.299595620592,966.547700153455,96
634114,8546.526617114052,896.5800482728955,96
634434,8437.13314357515,722.1006284346424,95
634874,8356.468862187354,600.3908354507158,94
635034,8310.187181197387,531.2532479548895,94
635294,8231.865026939118,415.8295062361952,93
635493,8170.561429184316,321.74513504566517,92
635753,8065.6547885382415,154.1844094911504,91
636094,7975.819419998561,12.98381969302058,90
636334,7895.155138610764,-108.725973290906,88
636534,7837.113466631604,-210.7071691745767,88
636734,7718.360460996322,-389.8125115085974,86
637134,7562.671856812821,-552.7697406437088,85
637534,7446.839792751114,-627.9690287733488,84
637734,7349.933190670123,-667.7447810995641,84
638054,7181.874408511212,-698.6680043996004,83
638194,7106.769327875857,-701.7055795438232,83
638454,6964.8014786891845,-694.6253396248551,82
638694,6832.538648989788,-673.0257127783482,83
638874,6732.150273690563,-650.4165530243436,83
639114,6598.285646984989,-613.9026965178437,83
639154,6575.918790705866,-606.0462507445288,83
639434,6415.842094268576,-550.2210659465906,83
639614,6306.201873977817,-508.89284199982734,83
639954,6113.528345860467,-434.24090590428676,85
640114,5951.652431050774,-369.1548996930826,85
640554,5755.618266474668,-289.43284302776436,87
640994,5597.587565117567,-235.80171933468364,87
641174,5524.685522008799,-216.2750168335565,87
641354,5455.9248244019645,-199.72308448046303,88
641514,5399.103586307088,-185.71070062312347,88
641674,5347.105692074207,-175.40444061543678,88
641894,5277.999507076475,-168.74597269411487,88
642233,5180.814725789605,-175.96527226009545,86
642414,5132.119136252192,-192.66076744902995,86
642574,5095.995649245244,-214.0405168970202,86
642814,5049.920366043237,-257.00641358095766,86
642994,5023.928143754112,-292.18317267659813,86
643254,4990.317275977725,-363.1783103081167,87
643574,4974.595408009363,-428.43030543152565,87
643794,4969.013781180558,-486.96102763742346,87
644054,4970.687359604655,-560.6034008695401,87
644154,4973.208955256948,-589.7005064879062,87
644374,4982.196070697238,-656.5228961193977,86
644634,4999.753032769,-741.3329962420291,85
644814,5013.859624120624,-803.3813973530832,85
645014,5030.398076863158,-876.8353256407044,85
645214,5042.49905205442,-955.794596150382,85
645474,5046.546160106141,-1062.7741311859097,85
645734,5026.054776850244,-1224.0847111621158,83
645894,5006.725495715344,-1291.3333460241558,83
646134,4967.838109581222,-1391.8608109263191,82
646334,4904.282118958275,-1509.922811823881,81
646774,4801.982334992973,-1623.0941606744298,81
646934,4744.5015246143985,-1668.4919187492771,81
647214,4632.424939743901,-1737.454510955241,82
647414,4545.3624467531245,-1778.9891027340348,83
647654,4435.686320775442,-1819.734009047922,84
647814,4362.1336818047075,-1839.0991659138192,85
648014,4261.094710643516,-1855.381865526839,85
648174,4175.948099551719,-1862.3140094652103,85
648334,4087.3914966596094,-1865.5893848954859,86
648693,3838.3454017542954,-1865.3829571516017,85
649054,3659.432977597673,-1862.6728865988869,84
649234,3549.142161444946,-1860.236522019148,84
649534,3320.8117704710216,-1854.385662450268,85
649794,3203.454194009886,-1851.702521162746,86
650114,2990.6706757144602,-1846.3945703509892,86
650314,2759.513580617172,-1840.445000098996,87
650614,2647.8094124027634,-1837.9592801777005,87
650814,2506.42485089304,-1834.437098083715,88
651134,2204.550797370112,-1827.4331128155698,88
651414,2073.7910539937793,-1823.5744197524184,89
651814,1686.384523068332,-1814.2911123509352,90
652134,1534.4244987667744,-1809.6920891644338,90
652414,1320.2276284096665,-1804.3347830111206,91
652614,1165.3915446431888,-1801.0504012031874,90
652754,1056.464725210587,-1800.076744026687,90
652954,900.8479324009332,-1798.8877126404982,89
653274,536.5889667977851,-1795.365500590586,87
653614,376.73211780308657,-1794.028403179727,86
653834,216.87526880838791,-1792.691305768868,85
653994,86.74816845056097,-1790.9773184690177,85
654294,-157.95915958659435,-1788.09225262644,84
654354,-206.793838726947,-1788.5095214352573,83
654654,-453.6458725274032,-1786.2570986111857,82
654814,-585.1863249469118,-1784.4937559697785,82
655094,-817.1734844289323,-1782.052888201211,80
655333,-1081.7170966711876,-1779.8901996385216,79
655694,-1329.9824825333255,-1777.588421472893,77
655974,-1677.963221756356,-1773.927119820042,76
656274,-1792.5434494356846,-1772.7560412773148,75
656534,-2006.8883858174624,-1771.6387913090464,75
656694,-2138.428838236971,-1769.8754486676394,76
656914,-2341.417602783739,-1767.7396893701427,76
657074,-2467.354002298078,-1767.5871201566438,76
657314,-2739.013730190298,-1766.591006947853,78
657734,-2912.272746100194,-1764.078357761365,79
657994,-3033.040314361642,-1757.738447965747,80
658154,-3111.9906084495883,-1749.3211405918464,81
658354,-3209.1170579731706,-1734.608805530983,81
658534,-3289.135216731902,-1716.2486783837544,81
658814,-3452.424483603277,-1651.1133168309937,80
659094,-3498.759993167701,-1620.4861956243706,80
659414,-3592.4899005456036,-1528.7708508726344,82
659614,-3643.1462241347244,-1459.7858026343797,83
659694,-3661.8966908255775,-1429.4144345572713,83
659914,-3712.0594609991313,-1346.2958657022002,83
660174,-3768.6473720408567,-1244.5569433374842,82
660414,-3823.189288002395,-1145.012082077625,82
660734,-3910.6645466131595,-1016.0156513867731,83
660934,-4034.9363141692043,-887.1493338771289,83
661354,-4189.767894746854,-762.1686087399027,84
661674,-4306.802409893456,-689.4505073868028,85
661893,-4424.478544480295,-635.1059828355646,85
662114,-4564.481156426432,-592.0099430144926,86
662354,-4800.739774591592,-549.7977961526113,88
662734,-4948.944319701941,-538.9620770424342,89
663014,-5193.849069105323,-541.7304194465835,89
663354,-5358.242106334406,-548.7253683811446,88
663514,-5468.048345493297,-552.6737657497516,88
663754,-5635.90072986425,-557.4252982378986,88
663914,-5749.116960823454,-557.7169270984098,87
664194,-5949.328376588414,-557.0932305457081,89
664354,-6066.003954689488,-555.1414429598053,89
664614,-6346.628371945634,-547.4644357533283,90
665074,-6708.199723028358,-527.762708006412,90
665354,-6814.784415331433,-520.5029995646789,90
665594,-6998.955405002328,-506.288691152284,89
665774,-7137.8991286994105,-493.6537536697027,89
665994,-7308.470530088883,-474.9615887862103,87
666194,-7464.226412501475,-457.49433101990405,87
666414,-7641.716508174686,-434.3153332435835,87
666674,-7845.862871653621,-404.54517573095933,85
666914,-8111.070529412477,-360.6145683363254,84
667314,-8437.922769128203,-298.9654532347005,84
667654,-8608.633260120614,-263.9950619710898,84
667934,-8824.176174354385,-216.13848328421398,83
668094,-8946.298762914226,-187.81758352019457,83
668293,-9088.060214312942,-154.56565278933707,82
668593,-9285.229551744851,-107.35069354269746,84
668814,-9418.510890773478,-74.39489486118022,85
668894,-9462.028672636268,-64.38476690283338,85
669114,-9570.017740579293,-36.55742055438143,86
669334,-9663.240644886995,-11.368333384796971,88
669514,-9736.043977312649,10.985073239693746,88
669814,-9836.62079755637,48.459107312134414,88
669994,-9890.171133453872,75.09294904149502,88
670334,-10004.715455446278,158.33715784487205,86
670694,-10065.996597168789,226.98569511396093,86
671054,-10105.543525630683,289.9224923730351,87
671354,-10135.762324494292,397.10842519652044,88
671694,-10135.44823960149,446.62510269693564,88
671894,-10125.240690276916,495.7962928064539,89
672054,-10109.725220096512,534.8765971179744,89
672354,-10069.047592011717,605.6249580417089,89
672514,-10019.35591922144,671.1057770294402,88
672874,-9973.469080963929,728.9365480318132,88
673074,-9932.800429300863,779.1666263903853,87
673454,-9819.965561463554,910.3660646518999,86
673714,-9769.156668660935,967.317415927984,86
673954,-9707.862047327862,1040.8835045533508,86
674114,-9668.45868170181,1095.402994438525,86
674474,-9587.686713209168,1240.4577741109772,85
674853,-9539.749376682641,1417.7908273377873,84
675294,-9540.130739804534,1548.6986367387897,85
675474,-9562.21491368895,1645.6949730811632,86
675894,-9612.023220049876,1759.2252889331685,88
676094,-9678.652661548043,1857.0696425037365,89
676414,-9739.933803270555,1925.7181797728254,90
676714,-9837.953122175059,2016.1682384875498,92
676934,-9916.975197680928,2083.3136894335744,91
677014,-9945.865905511335,2106.963784593171,90
677314,-10063.57344259627,2200.9315222130526,90
677534,-10152.439627192352,2269.835812611656,91
677794,-10264.740532738342,2356.539368556902,92
677994,-10353.557361992867,2426.857011017187,93
678154,-10425.808809239667,2485.2755728853376,93
678474,-10574.592138838136,2621.3656931497912,94
678754,-10682.980522746517,2739.064283768921,95
678954,-10759.454073334899,2838.667476792067,95
679154,-10827.932088547026,2944.3592997142196,94
679434,-10903.844777534823,3100.5459305461886,94
679714,-10951.826936258154,3266.3702726804163,96
679874,-10971.53307732612,3451.7257905486726,97
680274,-10963.663151942244,3616.307272722252,98
680494,-10947.371445951567,3758.660988219647,99
680754,-10920.930522399603,3928.254259199716,98
680974,-10892.057737456731,4086.442003003219,97
681334,-10827.254383684307,4382.052431337279,94
681814,-10724.411661005955,4733.64505695975,93
682134,-10680.543888563438,4855.224736762469,92
682334,-10627.020451975202,4989.910451431045,92
682514,-10579.110044713865,5105.688656962367,92
682834,-10487.587618139527,5315.461499422836,91
683034,-10395.284482522013,5527.329692305049,90
683334,-10352.10768486129,5629.122443244224,90
683574,-10262.828674733366,5835.435938562824,89
683874,-10176.327013387248,6043.261496626219,89
684054,-10125.975768313272,6168.152457546136,89
684274,-10066.107948696515,6322.427679712029,88
684494,-9986.951226864685,6563.056467243443,90
684854,-9951.998788444536,6692.7303931055285,89
685094,-9916.947639341275,6825.231023090978,89
685314,-9879.810116237999,6936.432661468089,88
685474,-9844.153253381426,7005.233737994749,88
685674,-9783.441919725303,7082.357884445099,87
685974,-9667.066946906472,7173.104045253237,88
686274,-9528.580870938033,7228.40871741449,90
686394,-9468.67717559028,7241.8826657476075,90
686574,-9375.53502912223,7254.903439584985,90
686814,-9247.009725770578,7268.1036819451265,89
687054,-9066.86341807504,7300.727412934453,88
687234,-8970.984301745008,7331.341054530517,88
687434,-8789.792555455047,7414.163461380321,88
687794,-8672.941982064112,7478.006577674951,89
688033,-8547.167098229076,7554.2737304753755,91
688213,-8450.982873427973,7613.885767006691,91
688514,-8278.064841720145,7723.175996717725,91
688714,-8106.174295763276,7823.304115698606,91
689154,-7823.342337791712,7959.887729466773,93
689474,-7706.451385480951,8004.625915257921,93
689634,-7600.530738694478,8039.134125648133,93
689894,-7421.50165101128,8080.287324349107,92
690134,-7250.329009101397,8099.073666770957,92
690414,-6938.660201829811,8088.897489988552,91
690674,-6835.830988717946,8075.4010856231425,90
690974,-6617.263948994584,8033.099204499879,90
691174,-6373.61103597358,7959.497180231661,90
691534,-6218.703170789182,7897.484654851604,90
691734,-6080.854241028077,7833.237689446863,91
691994,-5905.881267774257,7737.977736524777,92
692154,-5800.5394354318305,7674.86594397584,93
692354,-5671.861592822609,7591.128181756897,94
692694,-5365.253959654996,7375.235246987473,94
693114,-5142.114855966253,7200.464138376856,95
693974,-4713.523753797664,6749.654126130106,92
694134,-4632.128148664175,6649.171513380671,92
694354,-4520.971392395718,6509.442577451584,92
694593,-4398.418085372426,6351.627220348244,92
694833,-4225.374473628145,6079.55019369128,93
695154,-4163.586328835434,5944.375398840039,93
695434,-4073.4683378128993,5728.967071020378,92
695714,-3986.217429833554,5532.762384387312,91
695914,-3913.912154012296,5374.5791138167115,91
696114,-3812.586057179422,5155.949239141234,91
696414,-3744.2740608354256,5004.980794903711,90
696574,-3692.666536102095,4882.189657638441,89
696794,-3627.921574004812,4710.119643158807,88
697114,-3505.5073865403856,4345.70810834216,90
697454,-3437.877388556452,4195.471017806257,91
697654,-3355.283805570969,4048.249076338213,92
697914,-3190.8504193779863,3813.264690675868,93
698354,-2986.547043408577,3585.3784678200273,92
698534,-2858.5691520028795,3461.3354941723774,92
698674,-2770.0978101392507,3381.124387280321,91
698974,-2577.1236767396585,3213.7745027907395,90
699134,-2376.6879402992045,3057.4846580868275,90
699554,-2176.826515113969,2925.2711537730606,90
699674,-2088.781418480888,2873.3764434561945,90
699934,-1892.2222979911205,2768.164694339049,91
700194,-1689.5655711806164,2675.4756924108124,91
700354,-1562.6286151805114,2622.9303862319784,92
700654,-1321.663316679932,2533.1488462667567,92
700694,-1288.8197082920879,2521.3888552775625,92
700974,-1052.9155539395554,2448.764961418747,91
701213,-862.7636214744977,2403.2101309415725,92
701453,-661.5920281435957,2369.2986279270167,90
701614,-508.6628498543664,2351.9300808438234,90
701794,-356.21824855897273,2340.9462957089763,90
702074,-118.09310383639001,2331.923244625836,90
702274,40.350393096626995,2330.635502556534,91
702494,216.58417915455658,2332.2641988719774,92
702674,366.6956297421535,2335.5126450370603,93
702914,682.8108909867423,2351.3600930418743,93
703254,846.7193512219903,2364.739803924781,94
703574,1083.933673720189,2390.4179113651767,92
703734,1190.6260531281075,2406.50318961197,91
703894,1290.399738252288,2427.075300751591,91
704234,1523.6477105384179,2521.523082220553,89
704614,1648.996349142905,2626.1066315961675,89
704794,1721.844563677213,2706.3446377974897,89
705074,1849.6519929378028,2861.077507692026,89
705394,1947.1284330411102,2977.9549803922273,90
705574,2017.1499434520547,3058.291697276663,91
705814,2115.5955375430335,3162.3996460801727,92
706054,2203.357981737334,3244.2394492876724,92
706254,2294.33299636572,3316.7690757403498,92
706534,2432.976114780561,3396.8320866518093,93
706694,2520.3751187405032,3427.7418602972125,94
706834,2603.1392237829464,3447.492883473832,94
707114,2855.2184205995813,3473.359435858724,94
707574,3072.0535501355566,3482.768293340733,94
707674,3137.2158109975835,3484.738003814171,94
707953,3414.340502192035,3498.4093435575896,93
708374,3618.5541738559887,3511.089103236972,92
708594,3855.3242982801776,3524.0470421222326,91
708994,4142.293098564844,3535.9595424130725,91
709334,4287.581205290447,3542.9141124278076,92
709594,4480.29063909472,3550.335306592917,92
710394,5084.859834103578,3519.3177559748897,95
710734,5343.485308547861,3469.249163339694,96
710914,5584.558294153285,3402.812610062998,97
711254,5734.207593823409,3352.3043225426204,98
711494,6013.957064586169,3238.527200026905,100
711834,6159.456042332632,3170.475400089399,100
712174,6404.8902208825775,3046.5759892775895,99
712334,6519.5422299798265,2986.6767671627385,99
712634,6779.347729432641,2848.8322806786095,98
713034,7026.531771013435,2714.258696391853,97
713214,7156.286454715172,2641.0963969647437,96
713414,7302.023232747687,2559.593074770482,95
713654,7563.677305914463,2413.9011189347684,94
714094,7877.419007575503,2240.2113246495687,93
714413,8004.346987153876,2167.1477359055725,93
714593,8106.911470714496,2105.5480061014305,94
714894,8267.405435960603,2000.88814216314,94
715014,8320.560929125653,1962.9474839403251,95
715194,8394.324439117247,1907.3062708539805,95
715434,8482.60733603638,1841.9600382803605,96
715674,8601.293003530716,1755.7410593289492,97
716054,8661.85176797334,1706.928806264961,98
716394,8760.692174840846,1599.4691674684993,98
716634,8779.491996873256,1570.511151453073,98
716834,8803.886895389105,1519.4240794445752,97
717094,8818.527419076121,1452.4042684468566,97
717274,8815.386630059955,1402.9863016295544,97
717654,8779.177882024527,1298.120069859233,97
717814,8757.129583871107,1254.3151323688326,97
717934,8738.984830933567,1220.9869469871524,97
718274,8683.917929102441,1123.1470966054135,97
718454,8652.312677486416,1069.0628283725182,96
718714,8602.028740597458,986.6217846446074,96
718874,8569.010136919751,932.5868717532687,96
718994,8542.771137922844,890.3433523492198,96
719274,8478.344703995337,787.8775794717133,95
719554,8370.6113592259,620.4155646003115,95
719934,8302.725578156525,520.193208169219,94
720054,8267.66097939863,468.35235638273883,94
720334,8183.241218819624,340.4058674751366,93
720494,8134.617410700132,264.9822287140771,92
720834,7999.716291865941,48.94128783183725,90
721093,7947.435715238352,-29.892342729534377,89
721454,7803.314153910721,-266.8374324876592,87
721834,7691.735595688691,-422.84456484093744,86
722054,7612.354553181368,-507.8072042211405,85
722294,7516.94206100171,-585.8421728958747,85
722534,7407.256958602296,-647.1053617749245,84
722694,7327.804134677052,-673.3398575830034,83
722854,7244.4073866161025,-690.9461749963222,83
723094,7115.980793947566,-701.319713233101,83
723354,6920.45363244166,-688.1239141499344,83
723774,6746.867081984329,-654.4681642648928,83
723974,6637.514017321179,-625.1781105132026,83
724154,6471.7345572956065,-570.5688564107189,83
724514,6337.6321303039795,-520.6034776474652,83
724814,6089.115494501157,-424.190399026114,85
725194,5969.779231144852,-376.8632794417277,85
725394,5862.3824273005075,-332.07570835309576,86
725654,5713.7606133813415,-272.40531010256564,87
725914,5619.321778378184,-241.51345934469796,87
726974,5245.492409657797,-167.61079983831118,88
727114,5205.039132204421,-171.15090481983216,87
727433,5095.264295543625,-214.72251525708236,86
727733,5059.477319505842,-246.72708283846336,86
727934,5023.196790052492,-292.86517103666074,86
728194,4993.538822833541,-351.97020449777654,87
728414,4978.893795957696,-406.64673682935177,87
728594,4971.809082805826,-447.43652525189344,87
728834,4968.856738734156,-511.71936638763106,87
729014,4970.638004263099,-562.016752931222,87
729234,4977.628479964758,-625.2317293961746,86
729414,4986.377795118995,-678.6025967709123,86
729674,5003.984112532315,-761.9993448318615,85
729894,5021.886561994973,-836.9159805227209,85
730114,5037.446884328105,-918.1186674788125,85
730294,5046.285933743724,-989.1811132953494,85
730454,5046.84229215548,-1054.2940188158198,85
730774,5023.613939037603,-1233.1974665507116,83
731014,4991.842668553446,-1332.5583560989764,83
731194,4961.691147918928,-1405.7969101769093,82
731314,4938.0814316791575,-1453.7925485107983,82
731534,4884.970790666836,-1536.1348815555957,81
731754,4818.754114788658,-1608.821550454674,81
731974,4739.431404044622,-1671.852555208033,81
732294,4575.536393464006,-1765.8920442899084,82
732674,4440.707086003663,-1817.7867246508479,84
732854,4361.451683444645,-1838.3678122122,85
733034,4271.768884118464,-1853.6320024959916,85
733314,4122.092655183145,-1864.6785626711019,86
733454,4045.623577827665,-1866.2534304120866,85
733754,3831.2786414458874,-1865.1361804438184,85
733974,3748.5235128251747,-1864.3689210552755,84
734293,3553.382217629991,-1860.384588043818,84
734514,3402.1041916884956,-1856.516918558936,85
734774,3194.974081639796,-1851.4063891134058,86
735054,3062.8009862017816,-1847.498340708698,86
735294,2893.8313818184874,-1843.7204054851982,87
735594,2695.181384139878,-1838.906008089008,87
735814,2540.3453003734003,-1835.6216262810751,88
735994,2412.4122611204307,-1831.861643901037,88
736054,2370.693697630043,-1831.112337355956,88
736394,2125.4030819159384,-1824.669213688396,89
736614,1919.6863239289207,-1819.6080395844228,89
736994,1681.4624685232245,-1813.411692624646,90
737194,1530.1844425817294,-1809.5440231397638,90
737414,1362.6281902601165,-1805.8154432578206,91
737614,1209.2054585553203,-1802.5804167914443,90
737854,914.2994546576874,-1798.6499123544456,89
738254,709.1659843476187,-1797.1467960754549,88
738354,629.9689135518886,-1795.796249009963,88
738634,394.4236962448858,-1793.9386689183445,86
738854,231.05814476676127,-1791.771507122753,86
738994,119.98661957085864,-1791.4304929647585,85
739194,-41.965579845584244,-1789.3126865107238,85
739474,-368.7460381433896,-1786.3917149812225,82
739774,-516.5647169430159,-1784.7674619427546,82
740114,-796.6552018637697,-1782.0618646229418,80
740234,-895.6885568645997,-1781.433694837338,80
740494,-1109.9841379048212,-1778.9030928073882,79
740713,-1390.805976527194,-1776.8794938476378,76
741174,-1686.443334126446,-1773.630987770702,76
741234,-1735.9600116268612,-1773.3169028779,76
741514,-1972.9185809955459,-1771.409967444725,75
741814,-2318.072616095213,-1767.847376474987,76
742054,-2391.665633985773,-1768.1076028374034,76
742294,-2581.2522316173436,-1767.147395315536,76
742594,-2791.3571118140762,-1766.178211371938,78
742814,-3001.2645706445824,-1759.5556191816129,80
743134,-3108.4819059661627,-1750.1512049765793,81
743474,-3275.831760499818,-1720.2509342827466,81
743654,-3356.3344962523856,-1695.506045187172,80
743894,-3450.37848852309,-1653.307377935851,80
744094,-3517.3713702556156,-1606.39305392738,80
744254,-3565.9906751862795,-1560.1203493591456,81
744454,-3620.254411941939,-1493.1319408595216,82
744674,-3673.3425969219697,-1412.7413654447007,83
744894,-3722.724658052348,-1327.527446167885,83
745074,-3761.975454464902,-1256.110536538721,82
745394,-3851.3396657094536,-1100.1617059928037,82
745774,-3947.3937473734213,-973.6958473759748,83
745974,-4022.561633004966,-897.4869963829109,83
746214,-4122.873723697441,-811.9096368717369,84
746414,-4272.110227791651,-709.0579677275813,85
746834,-4430.764595745528,-632.7638557060374,85
746934,-4488.119766175796,-613.7800619620338,86
747153,-4619.207044099563,-578.7782682003287,86
747433,-4794.404367984803,-550.7265712204572,88
747594,-4909.370461974854,-540.3440266060212,88
747794,-5045.8329689394695,-537.7012642383246,89
747974,-5165.483317188576,-539.8908221543535,89
748214,-5313.598128037542,-546.7466814859755,88
748454,-5485.0579255750345,-553.4948537127532,88
748614,-5589.161401145641,-556.2273203859052,88
748854,-5757.597073193544,-557.4207950490695,87
749094,-5928.8100940232525,-557.1022069674392,89
749294,-6174.881418780533,-552.7544337216231,89
749774,-6425.7267320582505,-543.2871845644731,90
749994,-6665.848516519464,-530.6567203147939,90
750374,-6877.604549063932,-516.1866587728846,90
750634,-7122.352256020913,-494.19666242682626,88
751034,-7384.594120053466,-466.6429920954233,87
751194,-7510.718964512301,-451.62554856348896,88
751434,-7702.975223820833,-425.80829160830046,86
751634,-7858.533684867199,-402.68762559526755,85
751874,-8045.670468264398,-372.0963801196417,85
751934,-8092.06430959211,-363.40089353986355,85
752154,-8262.922866609191,-332.6705584612982,85
752394,-8448.44887657848,-296.4752600805027,84
752674,-8756.097475107614,-231.95906193568783,83
753034,-8940.012711648995,-190.15971064972268,83
753254,-9098.58632176322,-152.07545963514016,82
753474,-9239.616419460315,-118.14153054422005,84
753753,-9398.872027934603,-79.32592582801836,84
753893,-9471.141428024865,-61.94392909019214,85
754113,-9575.621793484464,-34.9466471264734,87
754274,-9654.1278894984,-13.809171197437298,88
754574,-9763.33288813688,19.720938739297413,87
754894,-9840.811498399857,50.02052539848588,88
755914,-10078.1738569668,242.97676586646958,86
756234,-10118.640584074808,320.0964390839171,87
756394,-10130.66080142642,360.84584858663334,87
756634,-10137.700632469636,422.64747298990375,88
756854,-10130.023655219085,480.39748615262585,88
756994,-10118.164953546777,516.0677986638333,89
757174,-10096.749298411863,562.0174419175347,89
757454,-10050.467617421898,631.155029413362,89
757614,-10020.818626624678,669.741780309315,88
757774,-9989.024930064157,708.961174223774,88
757974,-9948.356278401094,759.1912525823462,88
758294,-9843.516945940037,884.3020609448547,86
758514,-9789.051284629322,944.663404021251,86
758774,-9691.525489184458,1062.9542287831343,86
759114,-9639.343623239984,1138.9611552211425,85
759354,-9593.052965828287,1228.6170252821319,85
759514,-9553.820092303267,1339.0379546160666,84
760014,-9535.769546860012,1491.235779203677,85
760214,-9542.89911216461,1570.7289820487472,85
760433,-9564.696130421416,1655.6871481960484,86
760593,-9589.476895247988,1715.985686276255,87
760774,-9628.727691660542,1787.4025959054197,88
760994,-9682.062653348357,1860.7264110118324,89
761174,-9733.11381966993,1918.4046427566338,90
761414,-9851.691800059423,2027.9686083965698,92
761854,-9993.367990429659,2144.707021449759,90
762194,-10098.018847990292,2227.60574286224,90
762414,-10190.295024386685,2300.166801768938,91
762574,-10261.281185596474,2354.295952110488,92
762814,-10368.709391938914,2438.7067362677635,93
762974,-10440.911483844156,2498.5386501975963,94
763334,-10599.875433502006,2647.0124280480186,93
763534,-10729.742277541489,2798.0078015507333,95
763934,-10827.932088547026,2944.3592997142196,94
764194,-10899.268210380613,3089.773046388128,94
764294,-10921.271626425378,3148.55952172354,94
764454,-10947.59585649484,3245.7039240905833,95
764694,-10969.217879461783,3396.4569941184177,96
765014,-10958.229591138108,3670.5979387431044,98
765454,-10912.917034179887,3975.379454229047,98
765854,-10859.725605371988,4242.3863303603075,94
766174,-10831.404705607969,4364.508918920149,95
766334,-10803.478648576403,4475.3246909865375,95
766714,-10704.01451520027,4790.950872048462,93
767013,-10646.390112029927,4941.7667470724855,92
767273,-10572.231729349955,5120.306754573018,92
767574,-10459.87693531765,5379.587298112172,91
767934,-10368.2557980602,5592.186844696005,90
768174,-10299.028446347063,5751.087989357665,90
768334,-10221.11458447588,5935.8646927818745,89
768714,-10146.857491112793,6117.23140440577,90
768994,-10070.693492272456,6312.6822813049275,88
769134,-10035.462874646431,6409.799754406778,89
769294,-10000.618123331127,6516.128693580338,89
769514,-9962.641559421389,6651.357317006037,90
769754,-9926.66163525028,6790.193353598276,89
769994,-9887.567851328202,6916.892509312329,88
770174,-9847.95808791419,6997.583690009392,88
770434,-9767.302782948125,7098.7752004281565,87
770594,-9703.971142956598,7149.628945383503,87
770874,-9576.49575143227,7213.808572647299,89
771054,-9483.640760591828,7238.867516679748,90
771314,-9342.14851197726,7258.690321274289,89
771354,-9318.704814605622,7261.409338292808,89
771574,-9187.985450149115,7276.655575733138,88
771934,-8941.591064077302,7342.342762552899,88
772134,-8833.03215811196,7391.617136578433,88
772234,-8704.677346861345,7460.718818387336,89
772594,-8587.678707445739,7528.80199086701,90
772894,-8381.513248195883,7658.157328647466,92
773354,-8167.500319594442,7789.361240141882,92
773533,-8060.740632001505,7847.896435580682,91
773753,-7836.991281414694,7953.996520933993,92
774134,-7599.799384992858,8039.816124008195,93
774534,-7407.26941971135,8082.620475056903,92
774734,-7169.570520219315,8101.9138205489535,92
775174,-6910.442515937733,8086.497031095736,91
775354,-6778.13033089678,8066.310756310911,90
775634,-6517.02363972003,8006.2499885608295,90
776034,-6289.115020743751,7927.537464803008,90
776214,-6163.640772146885,7873.62816190405,90
776394,-6041.240004381165,7812.750809379796,91
776574,-5919.768011683291,7745.538050248753,92
776874,-5683.603630968341,7599.321138499377,93
777174,-5530.2257813722,7493.494699207188,94
777474,-5339.041889923281,7355.923918696035,95
777634,-5189.518230201462,7241.034079356807,95
778074,-4933.167604657614,7004.254948554961,94
778354,-4826.241928152472,6885.192361215705,93
778594,-4701.979137018158,6735.807761140899,92
778874,-4560.2805205715595,6558.927852453904,92
779054,-4472.212997862115,6446.891646503232,92
779314,-4345.765122044674,6279.0347589434505,93
779574,-4236.672313699867,6100.4633189888955,93
779774,-4166.166256251014,5951.5408698315605,93
779954,-4083.303470481383,5751.244193038119,93
780333,-3934.995771410946,5419.18271319375,91
780794,-3780.3526657337193,5086.1924582815345,90
781074,-3720.076583685803,4948.240314648488,89
781414,-3620.8637901181346,4689.354583885861,88
781534,-3592.8300759376516,4600.640938547351,88
781854,-3473.4714164609104,4270.297919235733,90
782234,-3327.0840725223543,4004.8120523150724,92
782534,-3219.9789274944474,3850.3663080922192,93
782894,-2959.2177536645204,3557.5376718169423,92
783214,-2802.3491544284147,3409.844603009695,91
783434,-2661.6510944675824,3285.3574312880355,90
783694,-2438.07676912656,3102.7882086673903,89
784094,-2112.364205455466,2886.9356528177927,90
784474,-1932.5678883396522,2787.9695760460545,91
784614,-1824.0045091414088,2736.0658893074574,91
784954,-1556.3425639152788,2620.588259102451,92
785154,-1395.0499367825346,2559.0603107162297,92
785314,-1266.4528520129645,2513.5324095042474,92
785514,-1021.3865869302793,2439.881029894473,91
785914,-772.8026429424375,2385.917868465129,90
786114,-603.1600166208115,2360.890296974847,90
786354,-270.7844818395668,2335.840269452275,90
786773,-34.65597685561472,2330.424631535674,91
786953,116.03876140893144,2330.1150198757746,92
787174,317.12959690018175,2334.4133778681803,93
787394,502.04091669442784,2341.3993503810107,93
787554,634.6088548648955,2348.798118469756,93
787814,838.9212372119628,2364.304582272502,93
788074,1092.4631414318358,2391.5351313775186,92
788354,1213.437107481241,2411.36691239379,92
788634,1378.3326745476222,2453.01366451033,90
788934,1575.9103343225447,2559.3201476515997,89
789254,1671.0356708745935,2649.393286521406,89
789494,1765.3892748051974,2757.8893575346306,89
790434,2126.565843067321,3172.62962148111,92
790734,2280.5359867180696,3306.6378110225255,92
791114,2440.1415857720826,3399.412014067389,93
791374,2674.982378642659,3458.4272833111963,95
791734,2813.4011464260802,3471.282038280441,95
791994,2979.2568910584023,3479.6409839351277,94
792214,3122.3509366791473,3484.5495588696754,94
792374,3306.580258113331,3492.2668850841246,93
792714,3454.0624259437914,3501.2674501790475,92
792934,3602.957945835933,3510.2186599324136,92
793273,3924.044616967187,3526.60004027262,91
793654,4124.601520123045,3535.86980815169,91
793894,4298.206023423837,3543.2506233969734,92
794094,4535.510080183419,3551.23715239557,93
794454,4706.723101013127,3550.91856431394,93
794674,4864.237822878298,3543.2954156378482,94
794794,4954.544288801255,3535.896617593176,94
795094,5181.936928285603,3503.192068852344,95
795274,5317.511039102199,3475.1089693743775,95
795494,5483.003343500162,3432.537885466967,96
795754,5677.583777094761,3371.9701146466864,97
795854,5752.383749259045,3346.009294855657,98
796074,5914.309019410294,3282.336640706135,99
796354,6117.015101562356,3191.06099083958,100
796554,6261.0020165640235,3120.2318421202667,100
796734,6389.590124911862,3054.1856583431218,99
796994,6575.820559317579,2957.117510626901,99
797174,6804.343868468902,2835.2237159754545,98
797434,6889.759682344846,2789.081124588428,97
797694,7073.697344962592,2687.140277668656,96
797954,7257.6350075803375,2585.199430748884,96
798234,7454.728060405497,2475.016271745075,95
798454,7694.163343317819,2341.4208178677213,94
798794,7848.963521397374,2256.063305799138,93
799074,8129.080905627393,2092.0381520813885,94
799434,8248.062705171069,2014.2992855000678,94
799714,8377.077058749457,1919.9367051477336,95
799793,8410.889821124974,1895.4071902618475,95
800113,8582.681626442803,1769.8342010259407,97
800574,8672.131098715834,1697.371852802355,98
800734,8736.337655244823,1631.4513089735167,98
801034,8770.82343955867,1585.6721578208483,98
801354,8818.190908106955,1463.0290865802472,97
801734,8804.64514839999,1358.7865214067008,97
802234,8754.78745674158,1248.0290811035995,97
802394,8706.500159591253,1161.9806242091502,97
802774,8663.579115060043,1087.7729161435452,96
802954,8629.04844863754,1030.9606544704006,96
803294,8544.283200667638,893.1207011310269,96
803554,8497.072744609826,817.6477070284108,96
803894,8410.943499919798,681.2704610922754,95
803954,8394.50823109328,656.3730327391282,95
804154,8337.790176914421,572.0340599557001,94
804414,8260.930730059388,457.97431495713096,93
804614,8199.7258429877,366.7166478899645,93
804814,8139.10424359296,271.90092299781537,92
805034,8071.653684175864,163.88045255669567,91
805314,7936.9993420494575,-45.09372801713617,89
805674,7867.98736454601,-157.30489930174417,88
805914,7792.828425380269,-283.4521698369428,87
806174,7703.585320939269,-407.6925348948927,86
806333,7643.901473034106,-475.6545706150898,86
806653,7458.344030610794,-622.7104632590755,84
807034,7321.370017387149,-675.2377866385207,83
807254,7205.318105882851,-695.948987381081,83
807494,7086.982399012314,-701.01460476203,82
807694,6978.934999306001,-695.1188930404221,82
807934,6767.919296884885,-659.448550573288,83
808274,6656.421526458434,-630.7911398401033,83
808534,6508.768866526939,-583.8902654862652,83
808734,6339.7274807257245,-521.384186690641,83
809114,6179.166207294599,-459.1742399443568,84
809354,6056.321241454869,-411.0170559752383,85
809594,5918.858178004486,-355.9815566422069,85
809834,5773.063068208684,-296.4098690747903,86
810134,5655.723444591011,-252.69016265694287,87
810414,5507.14200959167,-212.1246949098941,87
810834,5381.560073889959,-181.56037869946107,88
811054,5309.093252433472,-169.83179020836153,88
811174,5271.664100469686,-167.81719762626898,88
811474,5182.959431552907,-175.3326292415894,86
811754,5108.329951489656,-205.2732488993208,86
811994,5061.720735952256,-243.2677356965942,86
812234,5021.734082649255,-294.22916775678596,86
812574,4985.63302171867,-375.75041283858167,87
812754,4975.524183077209,-422.09489882473684,87
812854,4971.759727464269,-448.84987731357523,87
813153,4968.847762312426,-532.2376489527933,87
813353,4978.113056958594,-631.6164913445205,86
813794,4997.222460694977,-732.7541731888258,85
814034,5015.07555481608,-809.0841609413665,85
814254,5032.731227570955,-891.0675569406343,85
814474,5046.958955682056,-1010.4307495621313,85
814894,5030.788386450856,-1210.099256569969,84
815074,5008.385624484808,-1284.3159410573041,83
815234,4985.547640866483,-1350.7345115346116,82
815394,4957.105604342986,-1415.5423085840107,82
815674,4894.6264548125555,-1523.0288466897382,81
815894,4780.822432987574,-1641.4587610545607,81
816254,4695.213670978305,-1702.147638678392,81
816494,4565.494863007565,-1769.7866130840566,82
816934,4340.785334854812,-1842.5988919755143,85
817274,4214.256671241794,-1859.4065475021955,85
817494,4092.3629065462733,-1865.0554525600933,85
817674,3909.0623601799357,-1866.4373721677537,85
818074,3754.1769210719012,-1864.5663424215022,84
818374,3532.181936704766,-1859.644257920468,84
818634,3403.5175437501775,-1856.5662739004924,85
818974,3113.681660422322,-1849.275133004738,86
819374,2906.5515503736224,-1844.1646035592082,87
819613,2731.2465393835387,-1839.4578932678626,87
819813,2594.784032418923,-1836.8151309001662,88
819994,2449.8907684257733,-1832.462884421448,88
820174,2317.6683176462025,-1829.9681880784217,88
820434,2047.61936318189,-1823.3680219644607,89
820794,1864.516238181779,-1819.0965333253941,89
820974,1725.2763824353563,-1814.9417082129028,90
821154,1585.3051729873143,-1811.468881460474,90
821434,1285.5758252276871,-1803.832253173823,91
821734,1125.086333214483,-1800.3504499996632,90
821954,946.1245537163034,-1799.0537315086299,89
822154,783.4410005982414,-1797.6179234146578,88
822354,617.9307433568162,-1796.0834046375721,88
822574,429.07549942686495,-1794.4411987556423,86
822934,115.74656338581353,-1791.2824269400885,85
823134,-54.00375004065672,-1789.5998421383329,84
823294,-190.5156123468294,-1788.3704318323182,84
823394,-276.77944345096796,-1786.773108059043,83
823754,-690.555086554531,-1782.936811116329,81
824014,-812.9334282438872,-1782.2009542258809,80
824194,-969.9635731152225,-1780.9625674981353,79
824414,-1161.645521168537,-1779.2216509330922,78
824734,-1442.4180044493532,-1775.7846999116603,77
824954,-1741.6134198735879,-1773.1194815116735,76
825334,-1974.3319330572276,-1771.3606121031683,75
825534,-2238.875545299483,-1769.197923540479,76
825854,-2414.2792669726796,-1767.3179173724966,76
826233,-2750.320546683751,-1766.1961642153997,78
826614,-2944.0484898172535,-1762.2611865454985,79
826774,-3025.2422003516144,-1757.3032263134676,80
827034,-3155.6564563370503,-1743.5510688185445,81
827194,-3280.022461343306,-1718.689516196395,81
827654,-3414.9055973781087,-1670.8194878548852,80
827874,-3535.8840366604163,-1589.4732081070256,80
828134,-3572.128660426842,-1553.538166044573,81
828514,-3669.2999621031518,-1418.5428397160974,83
828734,-3737.3831345828266,-1301.5442003004919,82
829034,-3785.885775986915,-1211.4082264785688,82
829334,-3860.057578365596,-1086.4140516867092,82
829554,-3959.6203625129897,-959.1181286851479,83
829934,-4122.873723697441,-811.9096368717369,84
830354,-4263.096183086168,-714.3255096635856,85
830534,-4397.97034269924,-645.9371987569131,85
831014,-4683.875751546024,-566.6144580569503,87
831414,-4886.806184329504,-542.5470641326093,88
831594,-5097.494352203185,-538.0198223640286,89
831894,-5217.925409495468,-542.3047307018014,89
832094,-5354.002050149361,-548.8734344058147,88
832434,-5589.161401145641,-556.2273203859052,88
832594,-5702.426987446402,-557.9323013080982,88
832753,-5815.643218405606,-558.2239301686094,88
832973,-5973.355361637003,-556.2541897392448,89
833134,-6104.164460354892,-553.8088487377748,89
833514,-6449.753717106839,-542.4481437580097,90
833854,-6641.139533110813,-532.2271148228764,89
834134,-6851.482213593598,-517.8064086225237,90
834254,-7039.843904107984,-502.03068212377735,88
834594,-7214.022718663994,-485.33515697891573,88
834834,-7407.158397698817,-464.4399545688352,88
835114,-7644.543212298049,-434.21662256046994,86
835374,-7855.7069807438365,-402.7863362783807,85
835594,-8034.413007112502,-373.9045749137769,85
835774,-8229.199838495057,-339.50849490538553,85
836094,-8440.018119549946,-298.18474419152386,84
836334,-8633.925531206214,-258.8666096380254,83
836494,-8763.114880074465,-230.29893316622324,83
836674,-8905.607685174798,-197.7290007954283,82
837034,-9163.83831688663,-136.35359166677856,83
837254,-9384.8372180009,-82.64618336694845,84
837534,-9462.028672636268,-64.38476690283338,85
837834,-9609.977464617103,-25.9640049190851,88
837934,-9655.541241560082,-13.759815855880735,88
838174,-9734.679980592524,9.522365836455405,88
838454,-9829.652747931075,45.385626480987135,87
838654,-9931.050656137797,99.86924063516479,87
839034,-9990.976777561913,146.5367879358522,87
839313,-10060.589965629846,219.7215134393258,86
839734,-10125.64901261993,342.2748504185449,87
840074,-10135.910390518962,392.86836901147603,88
840354,-10127.681528089557,486.68353741785813,89
840674,-10108.163802010162,539.0672979614623,89
840914,-10074.265778606165,598.0242653979079,89
841054,-10049.736263720279,631.8370277734246,89
841334,-9997.168531465082,698.6324881397228,88
841574,-9920.268705690225,793.5873026348114,87
841934,-9870.82380960773,852.0013613141339,87
842114,-9826.64645546124,901.4013752879738,86
842334,-9769.888022362553,966.6354175679214,86
842654,-9684.893950528329,1070.5055660853786,86
842834,-9617.49274645279,1177.1126844648165,85
843274,-9553.770736961711,1340.4513066777483,84
843634,-9536.155413170734,1500.4472452753862,85
844054,-9551.45998237435,1609.234975105049,86
844254,-9577.061835163924,1686.5430932669926,87
844414,-9604.718659455415,1745.526989968631,87
844714,-9672.564031649039,1849.0741071274822,89
844954,-9742.661796710805,1928.643594579302,90
845134,-9803.606427464152,1986.6673137149999,90
845194,-9824.89644265076,2005.0992222801488,90
845554,-9961.01793545738,2118.8135098437483,90
845734,-10032.587384344117,2176.5007180102803,90
845893,-10150.344276770607,2269.05510356848,91
846314,-10294.36259427037,2379.507465356436,92
846574,-10413.434128075429,2474.9379103795563,93
846814,-10531.478176129529,2579.530466132828,94
847234,-10709.430392764283,2771.8271343171136,95
847514,-10798.516424802958,2895.219512102796,94
847714,-10861.87496410375,3005.6853235453855,94
847994,-10928.280054970499,3170.7379330581675,95
848154,-10952.410223935103,3269.9283305053987,96
848334,-10968.199370132555,3385.100822283407,96
848594,-10961.460114415655,3638.871550367602,98
848994,-10937.154920205263,3828.3504608943276,99
849274,-10905.051611984842,4018.2645930733333,97
849494,-10875.792960731245,4167.240870805126,95
849674,-10848.104703985733,4291.508165128269,94
849914,-10784.880721143123,4541.891327488515,94
850254,-10703.233806157094,4793.046222470206,93
850634,-10639.363730641346,4960.6249008681825,92
850954,-10545.252400229696,5183.750554902293,92
851154,-10485.196135668444,5323.16090274975,91
852074,-10150.810391670228,6105.341300235368,90
852314,-10117.387968838337,6191.201312185322,89
852533,-10056.690084836848,6348.98523683464,88
852854,-9968.452010114515,6626.796399622057,89
853214,-9927.491699635013,6786.684651114851,89
853474,-9890.641332159348,6909.924459687034,88
853714,-9834.497589235705,7018.339772860607,87
853874,-9740.292051329772,7122.595787688787,87
854334,-9609.496402266515,7200.810224886285,89
854474,-9545.73851704444,7223.347573266443,89
854734,-9423.153777567126,7248.783407187884,90
854874,-9355.649389575572,7257.039168926554,90
855114,-9178.773984077407,7277.04144204386,88
855474,-9056.871242960155,7303.20862966692,88
855814,-8881.9251690156,7369.268233142771,88
856014,-8747.966304859816,7436.759141523766,89
856334,-8613.661953313132,7514.1435143365325,90
856494,-8529.812030756442,7564.988282870149,91
856794,-8296.882616596016,7711.097447602827,91
857274,-8105.442942061657,7823.986114058668,91
857434,-8011.017556713132,7873.754041499769,92
857594,-7913.864177924358,7920.596554134393,92
857794,-7789.610333255848,7973.568075587848,92
858054,-7619.833090564185,8033.4403384815805,92
858274,-7472.777167964273,8070.757300151693,93
858454,-7347.563145729823,8090.441015143295,92
858754,-6991.488160447425,8095.695047512812,91
859033,-6860.441261443483,8079.798184254589,91
859353,-6627.790056444862,8035.5893976540765,90
859574,-6457.523763526461,7987.8988378353315,90
859794,-6205.449069898655,7892.06904689093,90
860114,-6088.504289013435,7837.04252397963,91
860294,-5967.6155839925095,7773.387822673569,92
860614,-5673.225589542734,7592.590889160135,93
860894,-5584.112628238869,7530.75335906994,94
861214,-5381.13734330266,7386.402973877987,95
861414,-5254.267695487574,7291.407750507147,95
861554,-5168.228215014855,7222.602170791657,95
861734,-5060.414142361692,7128.979920562673,94
862034,-4837.786544931978,6899.0387262049135,93
862354,-4723.022375496982,6761.306430014457,92
862634,-4529.106017374911,6519.632173932696,92
862954,-4413.323338610688,6370.543705907229,92
863194,-4300.080208342218,6209.515778369803,93
863354,-4235.357672321299,6097.587259523975,93
863734,-4085.8340425554065,5759.823016091323,93
864094,-3949.407471233641,5452.232719369552,91
864534,-3827.0471123436732,5187.585893255354,91
864594,-3805.3308519265174,5140.837588115015,90
864894,-3657.664772296317,4790.402531468783,88
865234,-3599.7891491412156,4624.23270194366,88
865553,-3510.03459835304,4357.8943445619025,90
865633,-3483.988547489457,4293.306394955093,90
866454,-3080.0795294202526,3682.7472208184904,93
866594,-2998.190370871196,3596.3981286858716,92
866854,-2836.646493797766,3440.7588798439274,92
867074,-2711.100463782979,3328.121433372844,91
867254,-2603.23703578826,3235.912535205541,90
867474,-2471.840176160519,3128.7310756149577,90
867754,-2299.317017141071,3003.8400847391135,90
868014,-2071.4353274299856,2863.572713285805,90
868294,-1957.5640273759122,2801.5781407492095,91
868554,-1793.3549618584223,2722.2599032380754,91
868714,-1692.3429199624231,2676.9877551556074,91
869034,-1499.0861041681237,2598.777761235084,92
869234,-1309.7732125095297,2529.1959457093208,92
869594,-1197.8895757723562,2491.327068904427,92
869714,-1137.658345877168,2473.6579165389917,92
869974,-1013.6378282618085,2438.9028994850705,91
870274,-874.6537256449001,2407.1630314990084,91
870434,-803.6989669332074,2392.6570942261023,91
870614,-724.2147405098683,2379.2683769655378,91
870774,-655.9386198968691,2369.1012065607897,90
870994,-562.9041605336623,2358.776993709641,90
871294,-440.1893078751404,2347.4163186858023,90
871454,-375.9558220809594,2343.0506225524514,90
871614,-313.13568834846023,2338.734281760657,90
871954,-173.21383424197504,2333.8481029465465,90
872253,-115.26639971302653,2331.824533942723,90
872413,-58.68296190420304,2331.2636723421374,91
872774,67.25343761013544,2331.1111031286387,91
872894,106.87665067877873,2331.1425056267335,92
873154,210.93077090782987,2332.461620238204,92
873414,265.46821363646586,2334.0948197424764,92
873674,339.1105868685826,2335.7683981665746,93
873834,384.4365635255092,2337.0157313601244,93
874094,456.71494003750115,2340.152017187461,93
874394,536.7914305595203,2343.723524667076,93
874574,584.9934666813672,2346.2854992391945,93
874674,611.9458665364322,2348.174451872981,93
874974,725.4088742034191,2355.5328410419006,93
875334,791.4011994501785,2361.0112539987645,93
875654,881.5192204286395,2368.4773302725284,93
875714,898.5288005103761,2369.29841823553,93
875974,973.831302511958,2377.98940162648,93
876254,1056.2499201635048,2387.846960371328,92
876474,1152.9501244565386,2401.451021885654,92
876774,1213.4864628227976,2412.7802644554713,92
877034,1293.3251530587647,2429.803294191841,91
877274,1365.5137953093738,2450.6311584609766,90
877594,1458.8129842238259,2488.4102710485613,89
877654,1475.3873426532834,2497.0294730215905,89
877934,1549.195734753532,2543.9796727610587,89
878214,1645.5370020010357,2628.350048042582,89
878614,1707.948843346449,2693.3866689563024,89
878793,1746.2753678799854,2737.3306960496425,89
878993,1788.3573716047317,2787.511419066658,89
879194,1834.8768528807498,2843.1974843057305,89
879394,1877.7395656486717,2895.4735577444903,89
879614,1925.039755967865,2953.254973405307,90
879794,1961.1722193965445,2995.1530054184595,90
880094,2039.969974226919,3083.673702623645,91
880394,2102.381815572332,3148.7103235373656,92
880614,2157.2826985353263,3201.273552603735,92
880774,2196.7757984227615,3238.10146404711,92
881114,2312.3700621984162,3326.752274433504,91
881374,2355.8070862215563,3354.9520074821185,91
881654,2437.1668156240494,3395.270668565458,93
881874,2503.8007603110455,3419.1226583241832,93
882094,2572.3819893951154,3437.9538828546883,94
882334,2684.8264877328743,3456.6684438586176,95
882694,2757.984283971155,3464.7267842310616,95
882954,2837.4281314746686,3470.442997473978,95
883234,2928.1787954716356,3475.764367984441,94
883614,3039.447742033765,3481.076762073173,94
883814,3101.783298772428,3483.145183229725,94
884034,3169.8216190993753,3486.429535081731,94
884274,3257.6962236314216,3490.4362642136257,93
884614,3353.368942173496,3494.8782149977997,93
884834,3424.283321965363,3499.4772082283744,93
885014,3485.254881983901,3503.008336788164,93
885213,3556.1692617757685,3507.6073300187386,92
885453,3696.5353139562635,3515.4413197597632,92
885854,3811.3623183433756,3521.3370015254445,92
885994,3873.7472304235957,3524.8187747436777,91
886214,3976.4867092740783,3529.013948820068,91
886474,4099.062472329661,3533.931500176347,91
886654,4191.9084867483725,3538.472161643634,91
886834,4281.92779704372,3543.111533794034,92
887154,4534.096728121737,3551.286507737127,92
887514,4734.99014224676,3549.9314574828063,94
888014,4968.6284540765155,3533.9897121159274,94
888194,5158.0086539201275,3506.8578137821714,95
888614,5400.9885450028,3454.505425780735,96
888914,5544.647925457032,3414.819377759976,97
889234,5843.8478141141695,3310.976098595858,98
889574,5972.1487668344,3256.968085013785,99
889774,6095.4289543264085,3201.012787034639,100
890074,6264.461363705892,3117.9884256738524,100
890154,6306.852949134612,3095.98948286199,100
890374,6418.0949664315485,3039.7470292552343,99
890634,6607.784747979134,2940.435465092599,99
891114,6763.365635101864,2857.1733034457598,99
891274,6835.576703428837,2817.8596720810892,98
891434,6906.423775035685,2780.0087481196574,97
891674,7010.549676682657,2722.599719159004,97
891853,7084.806740089818,2681.0920266894764,97
892113,7189.614640096853,2622.9516440272027,96
892414,7331.892070987498,2543.6917382793563,96
892794,7429.049923009175,2489.356190149849,95
892954,7474.851500238206,2463.7004788298905,95
893194,7546.3312148635605,2423.704849105158,94
893374,7635.8883742414355,2374.587487570098,94
893854,7752.48766773576,2309.667500227026,93
894114,7800.384595386536,2283.2310798638914,94
894474,7915.5705368191775,2218.3604478623765,93
894754,7966.877456270266,2188.2672589911463,93
894954,8017.502377361291,2158.9054238215354,93
895214,8080.600690299669,2122.0326302695053,94
895474,8140.1409454130635,2084.576549040527,94
895694,8202.409193966709,2044.1950530050717,94
896014,8258.391391255122,2006.1556840991439,94
896334,8323.970920925965,1959.2907154322293,95
896514,8360.511676741731,1931.8357857398667,95
896714,8399.829781339304,1902.868793302709,95
896874,8430.865194933012,1879.8513411616177,95
897214,8514.374103331707,1819.6245844993318,96
897634,8595.787661308661,1760.178536880221,97
897874,8616.445033476763,1743.891334078373,97
898214,8650.841083529227,1715.8037613675042,97
898314,8666.625756493777,1701.8093303536268,98
898553,8702.237737241698,1668.0189940544751,98
898753,8729.517671644197,1638.7648459897084,98
899054,8768.046090776863,1587.1842205656433,98
899254,8798.578974533275,1529.514965242574,98
899514,8807.000755140076,1507.2871985663896,97
899834,8816.719224281986,1441.1468072949597,97
899954,8815.19818511546,1417.8511759479904,97
