date,x_rotated,y_rotated,z
600394,-10963.542045138693,3336.1180771183845,96
600774,-10970.536994073254,3500.5111143474683,97
600914,-10966.696253853564,3590.2342925934763,98
601074,-10955.977198269962,3694.5755684501364,98
601334,-10931.6809804813,3863.5361964116996,98
601634,-10881.702122107487,4139.853249297783,96
601914,-10865.63476674823,4214.998708852963,94
602274,-10809.141033244861,4455.003829787602,95
602934,-10657.221327951276,4915.258545291431,92
603254,-10525.250097156464,5229.7495534975515,92
603634,-10417.579557383217,5476.45799450624,91
603974,-10358.986000225203,5614.504345633572,90
604214,-10262.77931939181,5836.849290624506,89
604334,-10226.530192436554,5922.610591891346,89
604514,-10172.472823512926,6052.324896673258,89
604894,-10066.05859335496,6323.841031773711,88
605054,-10029.167846959466,6427.975909842414,89
605214,-9998.908639220104,6524.559450608872,89
605434,-9963.422268464565,6649.261966584293,90
605634,-9935.644277457668,6755.837682465637,90
605834,-9908.79506151862,6856.0779917401915,89
606054,-9871.370382787736,6955.241459922229,88
606334,-9799.679767185595,7063.113864338679,87
606414,-9773.202967902635,7091.905861485974,87
606634,-9691.68619605374,7156.98286131952,88
606854,-9597.310166046773,7205.337436698939,89
607054,-9502.16240341836,7235.26907993494,90
607354,-9347.119921863925,7258.156388938896,89
607514,-9161.665693312556,7280.689234130225,88
607954,-8902.78893897166,7359.383745132731,88
608354,-8752.305071727973,7434.0805034250725,89
608514,-8667.140507792716,7482.049212493769,89
608814,-8506.655489012413,7579.745470083741,91
609094,-8291.08114232462,7715.140082421645,91
609514,-8083.0671093608025,7836.647950850516,92
609794,-7935.4593015820365,7910.03006776429,92
609974,-7821.197632028412,7960.520372485279,93
610234,-7663.458559531821,8020.105479751402,93
610534,-7373.151548864763,8087.08935510627,92
610814,-7257.395769409805,8099.32044347874,92
611014,-7111.5737303488095,8101.3036036068115,91
611194,-6954.157719166752,8090.853750807357,91
611534,-6702.886160658486,8053.070105075017,90
611694,-6484.812674350692,7996.634703334937,89
612114,-6286.337671961945,7926.025402058213,90
612294,-6078.758890606333,7832.456980403688,91
612694,-5890.630527145099,7728.9547153975645,92
612954,-5718.879100747095,7622.486656665139,93
613234,-5513.660399364474,7481.595618615055,94
613574,-5321.794509555492,7343.293484402282,95
613814,-5136.609513744196,7196.026660825584,95
614154,-4972.772864882796,7045.260111187191,94
614394,-4841.878535092353,6903.426848414628,93
614554,-4758.288868854005,6804.99023074538,93
614894,-4584.002397149077,6588.76528819562,92
615074,-4482.344262579939,6460.688656150883,92
615234,-4399.100083732488,6352.358574049863,92
615474,-4288.683657587382,6191.42935719555,93
615554,-4255.956712726113,6135.806096952668,93
615773,-4176.001388919498,5973.8179918493015,93
616154,-4025.6566711906034,5619.044168334912,92
616494,-3929.05520753661,5406.947121632451,91
616714,-3859.329859130932,5255.929322053372,91
617394,-3635.661356251552,4731.616056133372,88
617654,-3566.546224788016,4522.601466683787,88
617874,-3506.1400295588915,4347.85281410546,90
618074,-3437.877388556452,4195.471017806257,91
618254,-3363.2703645254924,4062.6787290043694,92
618614,-3188.804424297799,3811.070629571011,93
618734,-3123.628713781139,3732.3805618454803,93
618994,-2971.543079487202,3569.2886863844055,92
619194,-2754.9951355347625,3367.861309968063,91
619594,-2586.72100912209,3222.600102551726,90
619754,-2480.073511822826,3136.093967972706,89
619994,-2315.2004007887354,3015.007811629628,90
620194,-2170.589819190293,2921.5156745818513,90
620414,-1898.4589939147963,2771.9201735302586,91
620814,-1695.1202687442296,2678.4998179004024,91
621054,-1502.5948066515496,2599.6078256198166,92
621334,-1178.3000682750396,2484.982685875907,91
621594,-1062.0283093281512,2451.205799231388,91
621854,-844.4887553557493,2399.7418073779722,91
622054,-674.262841357174,2371.1561780627085,90
622293,-467.0429970470921,2348.354070175379,90
622493,-270.0531281379477,2336.5222678123378,90
622754,-29.002568608887987,2330.2272101694475,91
622874,68.61743433026042,2329.6483957254004,92
623214,449.5988243875362,2338.985441833562,93
623574,640.9936168132414,2349.2826954635916,93
623834,831.8051215619976,2363.1380069186034,93
624054,1049.8158028736023,2385.9490313158103,92
624374,1166.4510020548494,2403.1021742333883,92
624694,1339.7279708082074,2441.6260901772253,90
624874,1427.8089731282116,2471.804510121009,89
625154,1609.5032492554699,2589.2787201527926,89
625494,1732.913579884614,2719.401317321791,89
625874,1826.001897778206,2832.1867998616176,89
626094,1903.5837219131256,2926.4102606550864,90
626254,1961.9035730981639,2995.835003778522,90
626614,2111.9387690349376,3158.98965427986,92
627014,2283.4614015245465,3309.3658044627755,91
627294,2389.054513763585,3375.0171155515404,92
627474,2482.4524133611503,3415.622932262488,93
627814,2679.9537885293234,3458.9612156465887,95
627994,2792.833508519361,3469.8776626404906,95
628973,3422.138616202062,3498.8445652098685,93
629173,3556.1692617757685,3507.6073300187386,92
629394,3817.065081931659,3522.5529322208995,92
629834,4014.0639272625344,3531.2394124230204,91
629954,4099.79382603128,3534.6134985364097,91
630314,4403.7722063976835,3547.3470867902506,92
630674,4624.6993260940335,3552.367822062545,93
630874,4774.563999973848,3548.549507919219,94
631094,5045.434042401162,3524.9397617235213,94
631434,5195.289739859243,3500.6031650150335,95
631654,5361.710819325053,3464.3674877144117,96
631934,5571.936836281263,3406.083512260371,97
632054,5661.50297208087,3377.4844332904736,97
632394,5912.213668988551,3283.1173497493105,99
632614,6144.837944721979,3177.353715453311,100
632914,6289.506858083709,3105.7932130323793,100
633174,6476.468646191045,3009.4070636762203,99
633414,6721.023405014701,2880.585598319304,99
633854,6967.525448235433,2746.743367734167,97
633914,7010.549676682657,2722.599719159004,97
634114,7155.6044563551095,2641.8277506663626,96
634434,7490.102240867364,2454.6774577026777,95
634874,7703.908741724921,2336.835274291779,94
635034,7811.493990513762,2277.182828884712,93
635294,7971.068157113754,2186.705840904794,93
635493,8079.918691939606,2122.7639839711246,93
635753,8246.016710090882,2016.4933466049254,94
636094,8354.324336159612,1937.0046169927573,95
636334,8437.783889216751,1875.3645082687897,95
636534,8495.762726243795,1833.7177261963225,96
636734,8597.151658028784,1758.7158294769824,97
637134,8677.636440937891,1692.9343752510836,98
637534,8732.927663444509,1635.1080774816126,98
637734,8768.09544611842,1588.597572627325,98
638054,8808.463462543315,1508.651195286514,97
638194,8816.39168973455,1472.2899079935137,97
638454,8815.287919376842,1400.1595975061919,97
638694,8794.495930838704,1331.5469659240264,97
638874,8770.738148574263,1279.311271405092,97
639114,8734.349932016068,1209.8281965183687,97
639154,8727.57032733527,1198.03680303108,97
639434,8677.919033464817,1113.451053539868,97
639614,8644.070365402378,1055.9074381651042,96
639954,8572.034262409341,938.1415693168827,96
640114,8501.559577502654,824.5664013121491,96
640554,8403.481896878937,670.2104213066048,95
640994,8298.288100605254,514.6878659471625,94
641174,8243.764107531251,432.3948882439222,93
641354,8187.728051712454,347.3245617588749,93
641514,8138.323534549784,269.805572576071,92
641674,8087.406954642321,189.509234611461,91
641894,8016.932269735635,75.9340666067278,90
642233,7900.373325205211,-101.1252806471051,88
642414,7839.356883078018,-207.24782203270757,88
642574,7770.3449055745705,-319.458993317316,87
642814,7685.104057032563,-430.3959021431818,86
642994,7625.518919810513,-495.53123374001586,85
643254,7493.736163916124,-602.0127121711478,85
643574,7372.11160200475,-660.7363525544432,84
643794,7260.784323679333,-687.9803812700195,83
644054,7123.047554255974,-701.5664899408843,82
644154,7069.290820570514,-701.1043390234125,83
644374,6952.130665475606,-692.7677894891638,82
644634,6810.073082027551,-667.9959711283965,83
644814,6709.684706728326,-645.3868113743919,83
645014,6598.285646984989,-613.9026965178437,83
645214,6485.720011887754,-575.3024660113308,83
645474,6338.314128664042,-521.3348313490843,83
645734,6186.816255279957,-462.9790744771228,84
645894,6091.892843282963,-425.70246177090934,85
646134,5949.55708062903,-368.37419064990684,85
646334,5787.730521160893,-301.8748323770209,86
646774,5629.847885828462,-244.0036524988953,87
646934,5560.454545203121,-225.30701438250088,87
647214,5446.812069013368,-197.28224666782225,88
647414,5375.95602098479,-179.9496052715526,88
647654,5299.1997880017,-169.48630281746512,88
647814,5251.145817904523,-167.8082212045379,88
648014,5194.364958729473,-172.9007678506797,86
648174,5153.664904568314,-183.50763314060868,86
648334,5115.544777822735,-201.2799694220592,86
648693,5032.17045583815,-279.02778246918416,86
649054,4996.612303664689,-345.00215487248164,87
649234,4983.142828564472,-386.2765202888592,87
649534,4969.408623913011,-475.65421114397014,87
649794,4968.461896001703,-523.0261828810843,87
650114,4975.9773276170245,-611.7308517978638,86
650314,4993.6240239501685,-714.2325303622939,86
650614,5005.249398569326,-766.2887563584634,85
650814,5021.20456363491,-836.1846268211017,85
651134,5045.989801694384,-997.6612256654396,85
651414,5046.250028056801,-1071.2542435559997,85
651814,4996.576278154058,-1318.57290150683,83
652134,4965.545337793251,-1396.73351012987,82
652414,4911.0617236390735,-1498.1314183365917,81
652614,4861.370050848796,-1563.6122373243222,81
652754,4820.997531235072,-1605.3622033128047,81
652954,4755.422474797129,-1659.6752954100214,81
653274,4580.606514033784,-1762.5314078311526,82
653614,4496.568146532598,-1798.5113020463332,83
653834,4409.949851615832,-1827.325725269992,84
653994,4332.937865503228,-1844.447465689475,85
654294,4179.506157376702,-1861.7307217882612,85
654354,4146.90034927491,-1863.422253055821,85
654654,3981.2420260088143,-1866.1277904637805,85
654814,3891.3707817381364,-1866.5271064291358,85
655094,3732.245286445057,-1864.5080106582145,84
655333,3538.517343311555,-1860.5730329883138,84
655694,3350.4921637663365,-1855.422124622958,85
655974,3076.9345068185985,-1847.9918941242645,86
656274,2983.603915406052,-1846.147793643206,86
656534,2806.885552354286,-1841.3917280103037,87
656694,2696.5947362015595,-1838.9553634305648,87
656914,2542.490006136701,-1834.9889832625693,88
657074,2429.3724858606106,-1832.453907999717,88
657314,2155.7654735713163,-1826.4370295627052,88
657734,1950.7800692859175,-1820.6938570986695,89
657994,1756.370127792353,-1816.0275257271496,90
658154,1635.503848847792,-1812.514320054895,90
658354,1483.4944692046774,-1809.3286489300754,90
658534,1345.6679655199364,-1805.2231791591405,91
658814,1020.3995699669259,-1799.5248588478328,89
659094,910.0593984726424,-1798.5018463297756,89
659414,656.1406043637778,-1796.0026467979205,88
659614,495.55240166746006,-1795.347547747124,87
659694,431.2202051901658,-1793.8085557371364,86
659914,245.19166538357797,-1792.2650605383199,86
660174,31.578082703419216,-1790.465812209989,85
660414,-165.75727359662184,-1788.5274742787192,84
660734,-429.56953213725825,-1785.6827873559673,82
660934,-713.2180748829946,-1783.5604777131036,81
661354,-1015.2401944305925,-1780.7965486300036,79
661674,-1217.497605275741,-1777.9787909724446,78
661893,-1402.8441467222665,-1777.1666494752471,76
662114,-1605.101557567415,-1774.348891817688,76
662354,-1950.3049480086393,-1772.1996529096318,75
662734,-2149.053656370362,-1770.2119596368052,76
663014,-2455.315832103005,-1767.299964529035,76
663354,-2623.70214880935,-1767.0800871305175,77
663514,-2726.293561635163,-1767.035205021863,78
663754,-2867.7274784864435,-1764.926374989559,78
663914,-2953.2599558889624,-1762.6470528562213,79
664194,-3091.5710365675395,-1752.1568211369406,81
664354,-3163.4052150055213,-1742.5729384091421,81
664614,-3320.664183741178,-1707.3647468594797,81
665074,-3489.7953038037754,-1627.1670896220567,80
665354,-3532.4740448601037,-1593.1299766151214,80
665594,-3596.5325353644216,-1522.9693766012376,82
665774,-3639.736232334412,-1463.4425711424756,83
665994,-3689.3650701725733,-1385.2954121740686,83
666194,-3732.0752137269965,-1311.63508609849,82
666414,-3777.9485723739485,-1227.2512312064075,82
666674,-3836.582478495862,-1123.3182477368334,82
666914,-3933.071781812109,-989.0542751099774,82
667314,-4093.983015867033,-835.5597320313336,83
667654,-4190.449893106916,-761.4372550382835,84
667934,-4326.243851366103,-678.8660681732375,85
668094,-4410.542445229705,-641.2529444978583,85
668293,-4523.83943402856,-603.3347123514076,86
668593,-4706.390673849817,-562.9980684686803,87
668814,-4857.857144735808,-544.265524665362,88
668894,-4910.101815676473,-541.0260249660838,88
669114,-5041.592912754425,-537.8493302629947,89
669334,-5174.012784900223,-541.008042166695,89
669514,-5293.761843832442,-546.0243042060874,89
669814,-5497.827449471726,-554.4640077004245,88
669994,-5621.717853905877,-556.5054995917833,88
670334,-5946.501672465051,-557.1919412288213,89
670694,-6178.439476605515,-553.3377213985721,89
671054,-6385.470875971101,-545.4004878296788,90
671354,-6716.679835398448,-527.4665759570718,90
671694,-6869.124436693842,-516.4827908222244,90
671894,-7022.93303470936,-504.03629828413926,89
672054,-7146.329885727944,-491.9442695586811,89
672354,-7381.085417570041,-467.4730564801561,87
672514,-7618.470232169273,-437.24972447179084,87
672874,-7807.850432012886,-410.11782613803416,86
673074,-7966.186241841058,-385.48509738020635,85
673454,-8314.23876248201,-323.0956521552302,85
673714,-8473.059149304017,-292.0781614490566,84
673954,-8661.995151073621,-252.22609456016525,83
674114,-8785.580447036702,-225.26919151627106,83
674474,-9076.852108502602,-157.78719964515403,82
674853,-9352.576897290006,-90.8481165311601,84
675294,-9521.62725951295,-48.860320300698916,85
675474,-9633.807028299463,-19.471555865895503,88
675894,-9757.72883523171,18.110165311389384,87
676094,-9855.42959601051,56.89884076239779,87
676414,-9918.577264290445,92.35828225274592,88
676714,-9994.436124703783,148.78020438226628,87
676934,-10040.228725511082,194.95419826738714,87
677014,-10055.183334090902,212.45733176469065,86
677314,-10102.232244513483,283.43901974157654,87
677534,-10125.115080284537,337.30344053188037,87
677794,-10136.92889984819,404.2245408464859,88
677994,-10134.42075385053,455.787213427088,88
678154,-10124.45998123374,497.8916432281983,89
678474,-10083.239444391822,584.1868768304313,89
678754,-10037.837183128146,648.4024097811506,88
678954,-9999.36259256994,696.5864930595359,88
679154,-9959.425294608494,746.1345730580454,88
679434,-9898.862026977042,819.0186633233506,87
679714,-9814.846085552219,915.1400531723373,86
679874,-9737.461682783527,1003.7101057190796,86
680274,-9673.676868296257,1087.802301794724,86
680494,-9625.784413878384,1162.543942195721,85
680754,-9581.441040863761,1257.2205774849306,84
680974,-9552.110608192246,1347.4687116446007,84
681334,-9537.510433469128,1522.4282352437872,85
681814,-9590.840891968113,1717.4483936794934,87
682134,-9625.367055201787,1782.3324753356421,88
682334,-9673.928028369162,1850.5368145307207,89
682514,-9719.47385246868,1903.7775687242504,90
682834,-9824.214444290697,2004.3678685785296,90
683034,-9942.455913711023,2103.3070160850752,90
683334,-10011.930012176015,2160.2135152084315,90
683574,-10109.029532434404,2236.480697964783,90
683874,-10235.118471206315,2333.571271757368,92
684054,-10313.655969718346,2394.331960755046,92
684274,-10410.706134635178,2472.0124955730794,93
684494,-10566.408158517386,2612.5894487303613,94
684854,-10655.749943685574,2708.3967836424727,94
685094,-10748.008167238508,2821.9944076794964,95
685314,-10821.942169331134,2933.5370602146018,94
685474,-10869.179524698211,3019.383622509923,94
685674,-10915.479128575713,3132.0838739771957,94
685974,-10960.141029760112,3311.9430260451263,96
686274,-10970.58634941481,3499.0977622857868,97
686394,-10967.92116097075,3575.418773616597,98
686574,-10956.075908953077,3691.748864326773,98
686814,-10934.368595001724,3847.3566807146954,99
687054,-10907.68987116371,4003.4984294380106,98
687234,-10884.439091969469,4122.260381539097,96
687434,-10835.555027531631,4346.96540650302,94
687794,-10797.865619249504,4494.232200123792,95
688033,-10749.00848407686,4657.382377392228,94
688213,-10707.918060416148,4780.474119939741,93
688514,-10624.628969504118,4997.609854757959,92
688714,-10537.544020481051,5201.877354996372,92
689154,-10400.601379799575,5516.902295537885,90
689474,-10346.741432242172,5640.96319207307,90
689634,-10298.979091005507,5752.501341419346,90
689894,-10221.895293519055,5933.7693423601295,89
690134,-10152.322454415023,6102.5639514535615,90
690414,-10048.73492838042,6374.178797237128,88
690674,-10017.259789945603,6465.059574415302,89
690974,-9965.131752575586,6640.83120955576,90
691174,-9918.558412769184,6819.626970185807,89
691534,-9884.494370497056,6923.860558937624,88
691734,-9842.690545978186,7006.597734714875,87
691994,-9764.426723483204,7100.0898418067245,87
692154,-9704.020498298154,7148.215593321822,87
692354,-9618.124580661275,7196.86630075058,89
692694,-9373.390323358928,7255.53608260349,90
693114,-9174.484572550804,7278.306728080872,88
693974,-8742.214185929975,7439.388424280903,89
694134,-8653.442208828177,7489.35377308823,90
694354,-8534.150797624601,7562.309644771455,91
694593,-8401.062376773374,7645.396781172505,92
694833,-8171.839086462601,7786.682602043189,92
695154,-8063.6166914664245,7846.581794202113,91
695434,-7887.979642740078,7932.428326541508,92
695714,-7717.906267999075,8000.78070180533,92
695914,-7582.641738886452,8044.877268156242,93
696114,-7371.688841461524,8088.453351826394,92
696414,-7225.521315009632,8100.329976386238,91
696574,-7047.923532231578,8100.495965298443,91
696794,-6865.36331598859,8080.677603980877,91
697114,-6526.818393468689,8009.42218007509,90
697454,-6381.992437660558,7962.620016404365,89
697654,-6240.28931802513,7907.436451046664,90
697914,-6007.180465297865,7795.288054802319,92
698354,-5766.627962373202,7653.163133213318,93
698534,-5649.74151325127,7576.204975675173,94
698674,-5559.215199885722,7514.3180902434215,94
698974,-5366.617956375121,7376.697954390712,94
699134,-5177.825547397287,7231.427770552644,95
699554,-5010.381485369347,7082.657860652882,95
699674,-4942.71558169849,7014.493900377629,94
699934,-4801.739342531779,6857.450275895734,93
700194,-4667.394642021198,6692.855314111594,92
700354,-4585.366393869202,6590.227995598859,92
700654,-4414.00533697075,6371.275059608848,92
700694,-4393.6934521935445,6345.094392375228,92
700974,-4266.572554437773,6155.987868548665,93
701213,-4177.948673316572,5978.838757077522,93
701453,-4099.563744018039,5792.141668565505,93
701614,-4040.0190156717417,5653.507526572395,92
701794,-3979.0115799222067,5516.237381299411,91
702074,-3880.996764206531,5304.090979255393,91
702274,-3817.1626243336323,5166.722123299295,91
702494,-3741.6941334198455,4997.81532391219,90
702674,-3682.8807587751676,4858.499183559018,88
702914,-3576.7672237672227,4554.090054773238,88
703254,-3522.9835907724964,4392.308347457829,89
703574,-3413.334424015933,4148.624001982804,91
703734,-3343.8872548161335,4030.16265516396,92
703894,-3267.9072576433177,3916.425941523997,92
704234,-3026.883657335378,3625.701632092195,93
704614,-2853.063809780823,3456.898016621106,91
704794,-2737.8464658500866,3352.404171550947,91
705074,-2514.5189172168475,3162.768188621893,90
705394,-2336.638482000013,3029.1996640097323,90
705574,-2206.5966426706664,2943.99919438755,90
705814,-2027.729100622698,2838.6977110090224,91
706054,-1842.8133075955498,2744.5056227577215,91
706254,-1684.6928719770656,2673.1829206228417,91
706534,-1459.3238014965414,2582.5309373530617,92
706694,-1329.3627200068463,2535.540328737841,92
706834,-1214.7017344878661,2496.159389188152,92
707114,-883.1338380149901,2407.4591635483484,91
707574,-596.0932563124031,2360.6435202670636,90
707674,-510.07620191604803,2351.97943618538,90
707953,-125.8912178464175,2331.4880229735572,90
708374,125.25022748064055,2330.500886186497,92
708594,412.7529601006993,2337.4419765906728,93
708994,738.8603964601734,2355.770641327953,93
709334,885.7592766136846,2368.329264247858,93
709594,1054.7872127602664,2386.4829636512027,92
710394,1492.5943441012469,2503.503969231319,89
710734,1640.220104723475,2617.9226512754176,89
710914,1766.1206285068167,2758.571355894693,89
711254,1839.996328792084,2847.9714728261683,89
711494,1982.5788981097273,3020.5843661069985,91
711834,2063.5213587034027,3109.7377063306903,91
712174,2211.402872455145,3251.74143124836,92
712334,2287.068814691085,3311.3624442014066,91
712634,2472.4108829047086,3411.7283634683404,93
713034,2674.982378642659,3458.4272833111963,95
713214,2788.5934523343158,3470.025728665161,95
713414,2916.1899806181195,3476.8905644185133,94
713654,3147.1586307709117,3485.8058684849557,94
714094,3437.0528458620547,3500.4463622160456,93
714413,3571.765489795823,3508.477773323297,92
714593,3695.121961894582,3515.49067510132,92
714894,3918.39120872046,3526.797461638847,91
715014,4002.7077554275243,3530.220903093792,91
715194,4131.668280431452,3535.6230314439067,91
715434,4290.40790941381,3542.8154017446946,92
715674,4568.797886645273,3552.197329961511,93
716054,4747.028312441833,3550.2186131104154,94
716394,5092.608592772049,3518.3396255654875,95
716634,5181.936928285603,3503.192068852344,95
716834,5332.959201097584,3471.739356493891,96
717094,5527.1537683814595,3420.3830517453202,96
717274,5661.50297208087,3377.4844332904736,97
717654,5940.81722119135,3271.5054247847866,99
717814,6056.447360698001,3219.354961338406,100
717934,6142.742594300235,3178.1344244964866,100
718274,6386.812776130056,3055.6977210879168,99
718454,6515.4008844778955,2989.651537310772,99
718714,6700.168611480373,2891.219392874426,99
718874,6814.0892668760025,2830.6381723995123,98
718994,6899.5050807519465,2784.4955810124857,97
719274,7098.011485638789,2674.2630666671203,96
719554,7395.039739267432,2508.232296789008,95
719934,7565.772656336207,2413.1204098915928,94
720054,7650.457116510532,2366.2958201445044,94
720334,7845.504174255504,2258.306722245552,93
720494,7951.626715641107,2197.290280118359,93
720834,8196.22185338459,2049.3638842579626,94
721093,8270.864783102472,1998.644725716725,95
721454,8455.03126958454,1862.7340739750366,96
721834,8553.010209569218,1791.3889457637936,97
722054,8611.621689614767,1747.5974579280253,97
722294,8644.653742947106,1720.9725926203948,97
722534,8702.287092583254,1669.432346116157,98
722694,8734.973658524697,1632.914016376755,98
722854,8764.052811299602,1594.3990468987217,98
723094,8797.363043837819,1535.2177288308567,98
723354,8818.814574703729,1440.366098251784,97
723774,8801.522312227286,1350.405119719724,97
723974,8776.835754894999,1291.8340185940008,98
724154,8730.59445282486,1203.5915005946931,97
724514,8689.136115696889,1130.7477892492143,97
724814,8601.248031554282,984.5264342228629,96
725194,8547.257970815672,897.2620466329581,96
725394,8499.266805714684,819.6937021085986,96
725654,8420.697874748632,697.2032000814962,95
725914,8359.443632335386,604.5321809526481,94
726974,8030.442123755677,98.10350151962446,91
727114,7984.061732082598,26.139209900434555,90
727433,7840.868945822813,-204.47047325090102,87
727733,7784.586113296232,-296.6075600443568,87
727934,7709.485505893778,-400.82319595271093,85
728194,7610.16049207651,-509.85319930132835,85
728414,7516.892705660153,-587.2555249575564,85
728594,7442.501025882955,-630.6476668720421,84
728834,7323.51472315045,-674.6051436200152,83
729014,7226.61709749119,-693.8626133810677,83
729234,7105.3559758141755,-701.6562242022667,83
729414,7005.739333136396,-697.4699965916803,83
729674,6860.657624198751,-678.2528757945266,83
729894,6737.754326595734,-652.027326452252,83
730114,6613.684453638818,-618.685661460012,83
730294,6512.959567370427,-585.4516835726167,83
730454,6423.541497595491,-552.6125484176748,83
730774,6241.977364605367,-484.0088633013138,84
731014,6093.988193704708,-426.48317081408504,85
731194,5978.842631191891,-380.71746931605026,85
731314,5911.890128379191,-352.90807581106003,86
731534,5798.207273269614,-305.7783775929005,86
731754,5694.171105884025,-266.0609270740457,87
731974,5600.41426924093,-235.90043001779677,87
732294,5445.398716951688,-197.23289132626567,88
732674,5347.105692074207,-175.40444061543678,88
732854,5293.546379754974,-169.2888814512384,88
733034,5241.934351832814,-168.19408751526066,88
733314,5169.409198613039,-178.39713365100513,87
733454,5137.139901480413,-190.71348305195616,87
733754,5059.477319505842,-246.72708283846336,86
733974,5037.33928709104,-272.840441887065,86
734293,4998.905075452659,-340.12945566893075,87
734514,4980.7019907518315,-395.38927567745503,87
734774,4970.090622273074,-476.38556484558933,87
735054,4968.897117653983,-530.824296891112,87
735294,4974.227464586176,-601.056678322916,86
735594,4989.392944186854,-693.5661817724615,86
735814,5005.249398569326,-766.2887563584634,85
735994,5019.988632939456,-830.4818632328185,85
736054,5024.901711062833,-851.8795655242701,85
736394,5045.020647706712,-984.891701768748,85
736614,5043.8495691639855,-1099.4719294480765,85
736994,5010.045753254274,-1277.2985360904524,83
737194,4981.69345099216,-1359.7979115816509,82
737414,4941.886266211923,-1446.142500525441,82
737614,4896.869871258969,-1519.569499547869,81
737854,4785.210555197289,-1637.3667708941855,81
738254,4690.924259451704,-1703.4129247154037,81
738354,4651.924712979835,-1726.107315541962,81
738634,4537.465622059984,-1782.2510285096773,82
738854,4441.438439705282,-1817.1047262907853,84
738994,4377.146622147813,-1834.6706647842786,84
739194,4280.29835183011,-1852.51478248365,85
739474,4072.5266223411736,-1865.7778298399817,85
739774,3973.443911998787,-1866.5630121160596,85
740114,3781.7619639454724,-1864.8220955510164,84
740234,3712.4583575815136,-1863.8170358764212,84
740494,3556.2089217533544,-1860.4832987269315,84
740713,3343.425403457928,-1855.1753479151746,85
741174,3112.2683083606403,-1849.2257776631814,86
741234,3072.6944506335535,-1847.8438280995947,86
741514,2885.3512694483975,-1843.424273435858,87
741814,2596.1973844806043,-1836.8644862417227,88
742054,2526.2117797565834,-1835.1280728655083,88
742294,2355.1468249515447,-1830.5694285988327,88
742594,2138.805248831136,-1825.8447654640252,88
742814,1887.8612248703048,-1819.2042204302384,89
743134,1737.9965509904912,-1815.3859062869128,90
743474,1481.3991187829333,-1808.5479398868995,90
743654,1342.8412613965731,-1805.1244684760272,91
743894,1156.9114322730986,-1800.7542691538474,90
744094,999.8812874017634,-1799.5158824261018,89
744254,874.676241589044,-1798.6813148525405,89
744454,714.8193925943455,-1797.3442174416816,88
744674,521.7240924793492,-1795.5539455350818,87
744894,344.90701874447063,-1793.6245840255428,86
745074,209.12651013991706,-1791.7131753594656,85
745394,-102.10707547939012,-1789.3351125870877,84
745774,-365.9193340200264,-1786.4904256643358,82
745974,-531.4295912614517,-1784.9559068872504,82
746214,-733.0050037465378,-1782.8695029313105,81
746414,-1000.3753201121567,-1780.6081036855078,79
746834,-1254.2941142210211,-1778.1089041536527,78
746934,-1338.4625949034155,-1777.2922894235533,77
747153,-1525.9044867716852,-1775.69943888318,77
747433,-1764.9584065621139,-1773.011794406829,76
747594,-1917.748495248404,-1771.9214737037535,75
747794,-2094.5655689832824,-1769.9921121942145,76
747974,-2244.5289535462093,-1769.0005021742522,76
748214,-2412.865914910998,-1767.3672727140531,76
748454,-2592.559048110797,-1766.7525525830824,76
748614,-2700.121870823274,-1767.2416028098205,77
748854,-2847.9405496228997,-1765.6173497713526,78
749094,-2982.890993842721,-1760.1972386218495,80
749294,-3154.2431042753683,-1743.6004241601015,81
749774,-3305.2653770873494,-1712.147711801648,81
749994,-3429.5236949887612,-1663.9411724909726,79
750374,-3523.5587108377345,-1601.2242226744888,80
750634,-3613.483783682871,-1501.8588299373953,82
751034,-3694.72234636996,-1376.617878437752,83
751194,-3729.3472202867465,-1314.5605009049668,82
751434,-3782.5744948697156,-1217.8916991100284,82
751634,-3829.9105609199064,-1134.8718409380704,82
751874,-3895.0772950148357,-1035.6634906473776,82
751934,-3914.074538413472,-1012.3588828786773,83
752154,-3991.7729961190403,-927.5712088324101,83
752394,-4089.1596720050384,-839.2658558809865,83
752674,-4272.110227791651,-709.0579677275813,85
753034,-4397.2883443391775,-646.6685524585323,85
753254,-4522.426081966878,-603.3840676929642,86
753474,-4655.75677633706,-571.8416210731287,86
753753,-4832.4661629670945,-546.5672728750637,88
753893,-4922.090630529989,-539.8998285320112,88
754113,-5052.899729247878,-537.4544875305413,89
754274,-5173.281431198603,-540.3260438066328,89
754574,-5416.337606888024,-550.9418555623657,88
754894,-5582.094640837233,-556.4740970936884,88
755914,-6315.534626588637,-548.550253267575,90
756234,-6555.705766391407,-537.3331410795776,90
756394,-6676.423979311298,-529.5798792222779,90
756634,-6859.962325963689,-517.5102765731839,90
756854,-7029.268441316149,-503.1075232162934,89
756994,-7138.581127059473,-492.92239996808354,89
757174,-7278.888847476681,-478.82475508226395,88
757454,-7514.959020697345,-451.47748253881883,87
757614,-7657.214025511628,-432.35907242477816,86
757774,-7783.922157647411,-413.7835710678611,86
757974,-7943.671319537265,-389.1014869684767,85
758294,-8199.667511224412,-344.7850132631205,85
758514,-8376.080765805107,-311.03055269496537,83
758774,-8681.683369254051,-248.708415655008,83
759114,-8855.072498345156,-209.39925752323975,83
759354,-9035.429677061555,-167.01661856032516,82
759514,-9225.581609526613,-121.46178808315014,84
760014,-9444.48516021914,-68.53508882649577,85
760214,-9544.774824835251,-43.0992249491285,86
760433,-9645.015134109804,-16.250009010078536,88
760593,-9712.263768971845,3.079272124821465,88
760774,-9771.032291463795,22.112421210382088,88
760994,-9843.588847181665,51.53258814328078,88
761174,-9896.407829377547,78.848428232704,88
761414,-9988.248784121663,143.61137312937552,87
761854,-10065.363954150283,224.84098935065998,86
762194,-10103.54688589205,286.3150792064958,87
762414,-10125.698367961486,340.8614983568631,87
762574,-10134.891881189733,381.51219717646524,88
762814,-10135.546950284604,443.79839857357206,88
762974,-10128.462237132733,484.58818699611373,89
763334,-10088.506986327826,575.1728321249495,89
763534,-10034.862412980112,652.5437552830829,88
763934,-9979.418621259994,720.6538570279497,88
764194,-9925.437536943115,787.3999620526923,87
764294,-9902.568150826693,814.1953194613566,87
764454,-9832.497285074192,895.9453884074738,86
764694,-9772.862792510587,962.4940720659893,86
765014,-9668.508037043366,1093.9896423768432,86
765454,-9579.978333460524,1258.5845742050558,84
765854,-9539.700021341083,1419.204179399469,84
766174,-9535.868257543125,1488.4090750803136,85
766334,-9540.812738164597,1549.4299904404088,85
766714,-9592.155533346682,1720.3244531444134,87
767013,-9636.130962938118,1798.2741907465938,88
767273,-9703.105891827181,1886.2250798853902,89
767574,-9826.260439370884,2006.5619296833872,91
767934,-9937.63256984903,2099.600892235423,91
768174,-10027.08204212206,2172.0632404590087,90
768334,-10139.333592326493,2260.1801484659363,91
768714,-10252.316496232548,2347.6150581128018,92
768994,-10379.038078022964,2446.8503376686876,93
769134,-10442.324835905838,2498.588005539153,94
769294,-10532.89152819121,2579.5798214743854,94
769514,-10625.79137118438,2674.8038687095473,93
769754,-10720.925654202234,2787.086851368003,95
769994,-10807.2343374591,2908.96716640889,94
770174,-10861.87496410375,3005.6853235453855,94
770434,-10923.218910822452,3153.5802869517606,94
770594,-10948.179144171789,3249.261981915566,95
770874,-10970.424833735507,3422.678040271863,97
771054,-10969.935753552843,3537.989621652811,98
771314,-10954.169003475829,3705.8330296020326,98
771354,-10951.135901564507,3731.906009730809,99
771574,-10929.872785687166,3874.7936575635968,98
771934,-10887.660638825284,4111.052275728757,97
772134,-10859.676250030432,4243.799682421989,94
772234,-10821.591999015849,4402.373292536214,95
772594,-10782.489238672038,4549.59073081543,94
772894,-10697.768842854863,4807.713675422416,93
773354,-10595.307513254333,5067.339706352465,92
773533,-10542.17891939855,5190.7186045275885,92
773753,-10435.190377985364,5438.1583992378955,91
774134,-10350.546266774938,5633.313144087712,90
774534,-10234.238572185199,5904.483791797268,90
774734,-10136.856339576176,6140.2309037034,90
775174,-10052.005830577793,6361.557339365106,88
775354,-10011.696115960258,6482.553731490875,88
775634,-9951.168724059804,6696.239095588954,89
776034,-9904.89151630274,6866.554743848912,89
776214,-9872.931800874087,6951.050759078741,88
776394,-9830.010756342877,7025.258467144346,87
776574,-9773.202967902635,7091.905861485974,87
776874,-9628.166111117718,7192.971731956432,89
777174,-9512.154578533246,7232.787863202474,90
777474,-9352.773330110651,7258.353810305123,89
777634,-9219.276616872337,7272.087985000658,88
778074,-8928.67347415594,7347.551972725616,88
778354,-8820.065212849042,7398.239698812831,88
778594,-8690.247694195188,7468.705377341859,89
778874,-8538.48956449276,7559.631006672762,91
779054,-8440.842632288419,7620.607039924203,91
779314,-8296.151262894398,7711.779445962889,91
779574,-8146.587194296826,7800.659080213604,92
779774,-8026.860561440971,7865.816837886802,92
779954,-7863.557814959036,7942.8961022284975,92
780333,-7571.236211709885,8047.309129547152,93
780794,-7262.36717929647,8098.7865111433475,92
781074,-7129.947307150672,8101.945223047048,91
781414,-6892.849648179048,8083.760061233756,91
781534,-6804.153955684,8070.757210283913,90
781854,-6498.116130582775,8000.636959233929,90
782234,-6242.3846684468745,7908.217160089839,90
782534,-6090.599639435179,7837.823233022806,91
782894,-5783.242699722485,7663.64886174377,93
783214,-5639.363471825662,7569.47472633593,93
783434,-5498.459014076871,7471.15924542616,94
783694,-5281.112408237795,7312.863784561886,95
784094,-5003.561501768721,7075.34432363669,95
784474,-4870.473110873421,6935.557055944315,94
784614,-4795.650712632773,6849.45474051948,93
784954,-4620.632887226225,6633.911796329782,92
785154,-4509.476130957769,6494.182860400694,92
785314,-4414.00533697075,6371.275059608848,92
785514,-4275.290467093915,6169.735522854759,93
785914,-4164.851614872445,5948.66481036664,93
786114,-4099.563744018039,5792.141668565505,93
786354,-3972.438373029365,5501.857083974811,92
786773,-3873.741558953627,5288.979328229174,91
786953,-3809.956774422285,5150.197120211394,91
787174,-3727.233078255594,4966.17866979807,89
787394,-3657.5660616132036,4793.229235592147,88
787554,-3613.222718554508,4665.031466787932,88
787814,-3549.316797263689,4468.93446725971,89
788074,-3433.8841090791902,4188.256191473179,91
788354,-3357.913088328106,4054.001195268053,92
788634,-3222.7069209346973,3853.291722898696,93
788934,-2995.462377430946,3593.4727138793946,92
789254,-2839.374487238016,3443.684294650404,92
789494,-2684.305106374315,3305.2520472564233,90
790434,-2024.269753480829,2836.454294562608,91
790734,-1743.2146177612321,2699.2828300168103,91
791114,-1485.8320032775964,2593.36215327441,92
791374,-1157.9792070761036,2479.3203012074496,91
791734,-974.4094579256185,2427.627485489712,91
791994,-753.1144247620075,2382.4001895599717,91
792214,-562.2715175151563,2356.6322879463405,90
792374,-299.0021677316435,2338.2407283450902,90
792714,-103.9595832195733,2331.4296912102695,91
792934,87.04036647367887,2330.4201283468456,92
793273,485.03133661269123,2340.5782624180088,93
793654,724.6775205018,2354.850842681838,93
793894,914.8563822320504,2370.8508599001507,93
794094,1140.1312452182901,2399.068515836301,92
794454,1278.9942110757213,2424.643439360681,91
794674,1404.118499048789,2462.0187327940816,90
794794,1465.1977461721717,2488.8948480423974,89
795094,1607.2598328090555,2585.8193730109233,89
795274,1684.9807465469146,2663.7646074242753,89
795494,1771.2894597597074,2764.7586964768125,89
795754,1868.864610546128,2884.4628733003774,89
795854,1905.8271383595402,2929.8696077969557,90
796074,1989.2104367658565,3028.135703409243,91
796354,2103.1625246155077,3150.80567395911,92
796554,2169.03371310279,3213.598878426417,92
796734,2248.5538452130527,3282.2832914265023,92
796994,2371.7488016325083,3365.715915218449,92
797174,2542.5041747335736,3433.3369367806517,94
797434,2611.668691494593,3448.6101034861736,94
797694,2770.85251855096,3468.5226423420963,95
797954,2933.199560699856,3477.7116523815153,94
798234,3110.312766484075,3484.2624032420663,94
798454,3330.705953845033,3494.2545484010247,93
798794,3476.0434159121924,3502.6224704774413,93
799074,3761.746930159847,3518.824382294883,92
799434,3914.833150895477,3526.2141739618974,91
799714,4113.245348288035,3534.8512988224616,91
799793,4169.927496779971,3537.11714134524,91
800113,4517.818501741619,3551.147418134188,93
800574,4771.055297490421,3549.379572303952,94
800734,4965.801749953152,3534.0884227990405,94
801034,5101.0393498005815,3516.6301414544655,95
801354,5446.552321945779,3442.301236717531,96
801734,5715.349440027712,3359.330703931203,98
802234,5993.052915710284,3247.7476425203454,100
802394,6209.547031088265,3146.0849748064516,100
802774,6381.940076926505,3057.9904928758874,99
802954,6510.528185274344,2991.9443090987425,99
803294,6798.107172545225,2838.9791951666634,98
803554,6941.115957137491,2760.4012877788796,97
803894,7184.059942533238,2625.9757695167928,96
803954,7227.0841709804645,2601.83212094163,96
804154,7370.043600231173,2521.840861492164,95
804414,7556.027257929106,2417.705953467535,94
804614,7699.718040881433,2338.396692378132,93
804814,7838.53612463021,2261.380203076699,93
805034,7981.446198539361,2179.975591565552,93
805314,8210.741240312129,2039.6588647706863,94
805674,8307.454894259796,1972.603148086044,95
805914,8400.511779699365,1902.1374396010897,95
806174,8492.985377461988,1835.2297889411172,96
806333,8544.727518565354,1797.3384860598599,97
806653,8645.33574130717,1720.2412389187757,97
807034,8713.199066344254,1657.7306868902504,98
807254,8757.33153838209,1604.5392880382772,98
807494,8792.153833665103,1548.1353187522188,97
807694,8812.209965312793,1494.3696086450273,97
807934,8812.69901553953,1386.8067859325506,97
808274,8793.665866453972,1328.0382634406003,97
808534,8755.568165784756,1250.1244315253439,97
808734,8704.256743144839,1158.5212770672806,97
809114,8652.362032827972,1070.4761804342,96
809354,8604.272157043872,990.0811317864769,96
809594,8551.794159050056,905.5940929783782,96
809834,8486.537660737818,799.6196176174454,95
810134,8419.917165705456,695.1078496597519,95
810414,8317.648784238248,542.3132877405591,94
810834,8213.917695367805,388.154729101242,93
811054,8145.834492932202,282.27896442342325,92
811174,8109.109765404843,223.4207076700908,91
811474,8013.957499587602,71.7927211047965,90
811754,7911.639762778838,-82.4151928760776,89
811994,7844.624425014022,-198.23377732722534,88
812234,7747.278098091922,-351.907758972707,86
812574,7626.2502735121325,-494.84923537995326,85
812754,7553.944967734948,-559.5403689027773,85
812854,7511.140586730313,-589.8848077146929,85
813153,7373.574309407989,-659.3723558343185,84
813353,7200.346695996187,-696.4829197164735,83
813794,7031.130314905109,-699.771744801382,82
814034,6912.704873773189,-687.145783740532,83
814254,6793.8935663305465,-665.308356607972,83
814474,6630.496612354327,-623.5179817437374,83
814894,6441.717653031125,-558.9075761046381,83
815074,6339.7274807257245,-521.384186690641,83
815234,6247.581417510537,-485.6196367292223,83
815394,6154.7040005937315,-450.53708512786585,84
815674,5990.732735362294,-384.6703698734864,85
815894,5793.334574066063,-303.4856058049294,86
816254,5687.885054618792,-263.7187999445181,87
816494,5557.627841079757,-225.20830369938776,88
816934,5378.733369766596,-181.46166801634794,88
817274,5304.121842546808,-170.36572254375398,88
817494,5238.376294007831,-168.7773751922097,88
817674,5155.078256629996,-183.55698848216525,87
818074,5095.995649245244,-214.0405168970202,86
818374,5033.58380789983,-279.07713781074074,86
818634,5007.344808902923,-321.3206572147901,86
818974,4975.474827735653,-423.5082508864182,87
819374,4969.25158146661,-500.41254989417774,87
819613,4971.171936598492,-566.988162817886,87
819813,4977.628479964758,-625.2317293961746,86
819994,4987.495015131337,-687.1320644825587,86
820174,5000.286965104393,-746.3044061286931,85
820434,5029.765433844652,-874.6906198774034,85
820794,5044.199559743711,-967.882121687011,85
820974,5047.335845571048,-1040.1604981990029,85
821154,5042.6246620468,-1114.2874484249558,84
821434,4998.038985557297,-1317.208904786705,83
821734,4964.764628750076,-1398.828860551614,82
821954,4919.304035723111,-1484.9760281291774,81
822154,4868.732943206544,-1555.3789016620158,81
822354,4807.833164605927,-1617.6381737939298,81
822574,4731.435868668367,-1677.9411851070386,81
822934,4591.379398191845,-1757.9548406769418,82
823134,4506.60967698904,-1794.6167332521848,83
823294,4436.417674477061,-1819.0520106878596,84
823394,4390.696855087681,-1831.6061603748628,84
823754,4153.285111223256,-1862.9376760619853,85
824014,4078.9113842895194,-1865.2932528461458,86
824194,3982.6553780704958,-1866.1771458053372,85
824414,3859.5456826795207,-1866.1232872749515,85
824734,3673.5664982144895,-1863.1664400144537,84
824954,3466.43638816579,-1858.0559105689235,85
825334,3301.024841607478,-1853.6946876684747,86
825534,3106.6149001139133,-1849.0283562969548,86
825854,2959.5769303574634,-1845.3087528367425,86
826233,2642.156004156037,-1837.7618588114738,87
826614,2413.825613182112,-1831.9109992425938,88
826774,2297.8813887826586,-1829.2772132966284,88
827034,2104.884799350776,-1824.660237266665,89
827194,1909.06150579553,-1819.9445505535887,89
827654,1648.9553711045462,-1812.2765197688425,90
827874,1366.8682464451615,-1805.9635092824908,91
828134,1271.4423046108705,-1803.338699758256,91
828514,967.3248346415284,-1799.79406163198,89
828734,722.6175066043729,-1796.9089957894025,88
829034,506.1772198008509,-1795.0110367779582,87
829334,259.3251860003947,-1792.7586139538864,86
829554,-3.8050741801790897,-1790.645280732754,85
829934,-344.7190530948013,-1787.2307557876861,83
830354,-604.2912554503928,-1784.534134889604,82
830534,-830.6250066856865,-1782.2906884872634,80
831014,-1252.1494084577205,-1777.4762611351468,78
831414,-1536.4799495635193,-1774.622597790664,77
831594,-1804.5816196307574,-1773.043196904924,75
831894,-1964.438468625456,-1771.706099494065,75
832094,-2139.8421902986524,-1769.8260933260826,76
832434,-2423.4907330443893,-1767.7037836832192,76
832594,-2547.2824267954265,-1766.9185714512143,76
832753,-2659.0853056929486,-1767.2595556532826,77
832973,-2799.837224184166,-1765.8820793225977,78
833134,-2906.619337853467,-1764.2757791275917,79
833514,-3136.650236516683,-1746.3373940220822,81
833854,-3246.3487885707295,-1726.9408047021634,81
834134,-3354.9211441907037,-1695.5554005287286,80
834254,-3443.410438897795,-1656.3808587669976,79
834594,-3514.594021473809,-1607.905116672175,80
834834,-3582.3092804862226,-1541.1545084586037,81
835114,-3651.182138430804,-1446.7695020299047,83
835374,-3708.748179881932,-1352.7793383336593,83
835594,-3755.3035368889473,-1267.6641297399574,82
835774,-3808.530811471917,-1170.995327945019,82
836094,-3874.864120920744,-1064.6708620043607,82
836334,-3949.4397424536087,-971.5017862711173,83
836494,-4007.5083137420343,-912.1634257568509,83
836674,-4080.2443379826695,-847.360101940354,83
837034,-4239.51339611159,-727.8847190251842,84
837254,-4423.796546120232,-635.8373365371838,85
837534,-4503.518572829625,-608.9970970198654,86
837834,-4683.875751546024,-566.6144580569503,87
837934,-4746.498463912296,-556.6447090184294,87
838174,-4897.381647121338,-541.4702230400937,88
838454,-5119.4259868300305,-537.961490600741,89
838654,-5347.617288201015,-548.3888574119787,88
839034,-5509.865619666798,-554.7511633280337,88
839313,-5744.876904638409,-557.8649931230799,87
839734,-6121.856038796692,-553.8985829991574,88
840074,-6270.307360614824,-550.1296241973887,90
840354,-6542.985597836273,-537.7773391535875,90
840674,-6712.439779213403,-527.6146419817419,90
840914,-6898.7554746476,-514.032976587853,89
841054,-7008.799514092543,-504.52985169970583,89
841334,-7231.6649417642375,-484.0115391786165,88
841574,-7535.3785925793945,-448.64180199372464,87
841934,-7712.1373345509855,-424.7808058573415,86
842114,-7858.533684867199,-402.68762559526755,85
842334,-8039.335061657609,-373.02515518748714,85
842654,-8304.394653391795,-324.8544916078088,85
842834,-8554.54001546599,-275.0820310219527,84
843274,-8898.590280207947,-199.3891295648929,82
843634,-9189.081232630671,-129.8117872720324,83
844054,-9363.785003100344,-87.62656967534404,84
844254,-9473.236778446608,-61.16322004701641,85
844414,-9553.205581863784,-41.38974083810643,86
844714,-9685.656856507676,-4.925239673163032,89
844954,-9771.032291463795,22.112421210382088,88
845134,-9831.748098352818,46.16633552416287,88
845194,-9850.556896806958,54.60606897442715,87
845554,-9952.439382007517,115.47444507695018,87
845734,-9996.48211978397,150.97426548712377,86
845893,-10054.50133573084,211.7259780630715,86
846314,-10104.910882612176,287.7777866097341,87
846574,-10129.49422607252,353.72973293666786,87
846814,-10137.018634109572,421.9161192882846,88
847234,-10112.749345586102,529.3218995543605,89
847514,-10079.53332054217,589.0102206924262,89
847714,-10046.030139870627,636.6603716354184,89
847994,-9993.462407615429,703.4558320017176,88
848154,-9961.668711054908,742.6752259161767,88
848334,-9924.706183241497,788.0819604127549,87
848594,-9804.508423046438,927.5147343365754,86
848994,-9733.755558933874,1008.5334495810735,86
849274,-9666.264620596952,1097.4489895187128,86
849494,-9620.467516600824,1172.9713389628853,85
849674,-9589.24813129552,1236.2670732674894,85
849914,-9547.812220243914,1369.252280246774,84
850254,-9536.056702487622,1503.2739493987497,85
850634,-9547.861545629543,1590.7133322785176,86
850954,-9584.900328093778,1705.212802118194,87
851154,-9621.373775724525,1775.1176490025634,88
852074,-9951.371247733392,2111.401262144443,90
852314,-9999.555331011778,2149.87585270265,90
852533,-10090.41815534649,2222.3875562677918,90
852854,-10275.751217182456,2365.4143236594455,92
853214,-10403.105441991378,2466.7943089786318,93
853474,-10528.750182689279,2576.6050513263517,94
853714,-10630.565359704819,2679.9233446208814,93
853874,-10748.640810257011,2824.1391134427968,95
854334,-10854.57040350929,2991.987024580848,94
854474,-10891.479072792317,3069.6899854752446,94
854734,-10942.050135352958,3222.161516035831,95
854874,-10958.925099064656,3306.240262456843,96
855114,-10970.034464235956,3535.1629175294474,98
855474,-10956.075908953077,3691.748864326773,98
855814,-10923.519426236915,3914.9014476260754,99
856014,-10892.057737456731,4086.442003003219,97
856334,-10856.306637149944,4259.247844417374,95
856494,-10831.404705607969,4364.508918920149,95
856794,-10747.397710648951,4662.986430297398,94
857274,-10664.979063041477,4895.71839313567,92
857434,-10620.824134971352,5005.259902743316,92
857594,-10574.524501137925,5115.434055369468,92
857794,-10515.248945619847,5252.74905279518,92
858054,-10436.801151413272,5432.554346332726,91
858274,-10379.03765863999,5567.091994976631,89
858454,-10324.397002039414,5693.24824193356,90
858754,-10195.647318100417,5996.531144329341,89
859033,-10146.126137411173,6117.913402765833,90
859353,-10069.132074186105,6316.872982148416,88
859574,-10021.163335161482,6454.582822306582,89
859794,-9965.863106277206,6640.149211195698,89
860114,-9945.45698404979,6717.973308849571,90
860294,-9923.390733052907,6802.814811470298,89
860614,-9848.68944161581,6996.901691649329,88
860894,-9812.260846137791,7047.279836032571,87
861214,-9707.627911464693,7146.21895358319,87
861414,-9627.484112757655,7192.240378254813,89
861554,-9565.772222615766,7216.971787739828,89
861734,-9481.496054828527,7239.500159698255,90
862034,-9281.809594977229,7264.3661555973795,89
862354,-9113.948234184545,7289.635970650689,88
862634,-8913.561823129721,7354.80717797852,88
862954,-8802.028147016346,7408.222897505985,88
863194,-8680.888162098809,7473.331299837627,89
863354,-8601.377006410277,7521.4974302725495,90
863734,-8377.174481327724,7660.835966746159,91
864094,-8163.161552726284,7792.0398782405755,92
864534,-7966.4139573360935,7894.837658898419,92
864594,-7930.438536353815,7911.977352161364,92
864894,-7655.611090180237,8021.954053465362,93
865234,-7523.420041898761,8059.082570190979,93
865553,-7304.233808811527,8095.295761503384,92
865633,-7247.502304978034,8098.974956087844,92
866454,-6641.824866378565,8038.909655193007,90
866594,-6542.948553824136,8013.523146657196,90
866854,-6377.8017368170695,7961.0585983180135,90
867074,-6232.639270039773,7903.631616513898,90
867254,-6120.517833016546,7852.311217452249,91
867474,-5991.929724668707,7786.265033675105,92
867754,-5842.832310177437,7699.691590911067,92
868014,-5670.497596102484,7589.665474353658,93
868294,-5591.713320882669,7535.971545664388,94
868554,-5487.448329632759,7462.284290323617,94
868714,-5423.914795042102,7417.6133827615595,94
869034,-5305.960481249384,7330.712405450086,95
869234,-5188.203588822894,7238.158019891886,95
869594,-5115.319498557589,7177.594752260435,95
869714,-5077.612167387925,7143.023706918107,95
869974,-4996.7908735096535,7066.617434558817,95
870274,-4907.983020676858,6975.781509533369,94
870434,-4863.02048425429,6926.098813164823,94
870614,-4813.3826699943975,6868.469936761578,93
870774,-4769.200842615005,6816.691889971287,93
870994,-4710.163117338909,6744.584005560329,92
871294,-4629.4495105654805,6644.832746512513,92
871454,-4586.730390589327,6591.690703002097,92
871614,-4544.011270613173,6538.548659491681,92
871954,-4421.457963589881,6380.733302388341,92
872253,-4383.611542817277,6329.884030665896,93
872413,-4346.496475746293,6278.352760583388,93
872774,-4269.399258561136,6156.086579231778,93
872894,-4247.386866094641,6117.8183864615285,93
873154,-4194.603789585681,6008.429416111455,93
873414,-4166.36367761724,5945.887461584834,93
873674,-4127.121857626417,5853.952269390507,93
873834,-4102.973735818351,5795.798437073601,93
874094,-4060.371279368773,5698.793124309496,92
874394,-4008.5663332692156,5581.655395290952,92
874574,-3975.7002988050076,5509.753908667952,91
874674,-3956.6133211449883,5468.7577224574525,91
874974,-3873.0595605935646,5288.247974527554,91
875334,-3823.785186568031,5179.689068562213,91
875654,-3754.7418365224153,5029.402622684754,90
875714,-3742.3267764383513,4999.960029675491,90
875974,-3687.4573259293784,4869.272067717079,89
876254,-3632.498141159023,4720.892527316867,88
876474,-3574.335362376313,4542.684527596671,88
876774,-3535.8832278503965,4428.135702415438,89
877034,-3478.680626633627,4283.215509157096,90
877274,-3413.2357133328196,4151.450706106168,91
877594,-3318.3168045246553,3992.47775007066,92
877654,-3299.4676271506887,3964.933086116915,92
877934,-3217.2015787126406,3848.8542453474242,93
878214,-3094.3027842984516,3700.9323526758562,93
878614,-3007.006994210452,3607.3190788686024,92
878793,-2950.935062660657,3551.5881315208753,92
878993,-2894.8137757693053,3497.27053623483,92
879194,-2829.727799514028,3436.272046951099,91
879394,-2771.412451517819,3384.0004467452413,91
879614,-2709.6871117212972,3328.0720780312877,91
879794,-2662.965735846151,3288.2334907529557,90
880094,-2565.381638593926,3205.5815460482586,90
880394,-2488.3068474851325,3143.4568603304547,90
880614,-2420.0980350571517,3090.8397727337,89
880774,-2368.3558939537843,3052.9484698524425,90
881114,-2215.561332034592,2950.6800883852356,90
881374,-2155.289723219578,2913.9060055163195,90
881654,-2047.121186753788,2850.6955022842694,90
881874,-1957.5146720343555,2802.991492810891,91
882094,-1862.9367474282587,2755.821415672906,91
882334,-1702.7703167295872,2682.3046524331685,91
882694,-1591.1828120417538,2635.955663258185,92
882954,-1465.5604974202172,2586.2864165442707,92
883234,-1317.4726158364438,2531.587428180405,92
883614,-1129.9589425502536,2471.2664340679075,91
883814,-1022.7505836504043,2441.3437372977114,91
884034,-901.3593487921818,2412.34083917363,91
884274,-739.71225784681,2381.2246377843426,90
884614,-559.3954580502364,2357.9469293249085,90
884834,-423.27843847651707,2345.4107025254407,90
885014,-253.7749017578302,2336.6613574152766,90
885213,-126.57321620648,2332.219376675176,90
885453,120.32817293553295,2331.380305912786,92
885854,306.50477876679076,2334.0768668990145,92
885994,400.7147899056269,2337.1548209630632,93
886214,550.2429528162746,2343.961324953129,93
886474,710.4946445434267,2353.931044035723,93
886654,821.1803034286069,2362.8014959494376,93
886834,921.9724978820154,2372.017435254049,93
887154,1148.6607129299368,2400.1857358486427,92
887514,1299.027916647048,2431.0192248872963,91
888014,1447.2593910225892,2481.7383534726064,89
888194,1549.8777331135946,2543.2483190594394,89
888614,1667.477613049611,2648.8099988444565,89
888914,1728.5748130164554,2716.722679223097,89
889234,1850.4327019809791,2863.1728581137695,89
889574,1904.315075614745,2927.0922590151486,89
889774,1958.246804590068,2992.4250119782096,90
890074,2045.13880547981,3089.8610432057644,92
890154,2069.372188316356,3115.1936932111903,91
890374,2138.2675022932276,3183.54159524211,92
890634,2271.8090976401963,3299.867182763457,91
891114,2398.3646905184073,3378.229685985626,92
891274,2463.051350808329,3407.102440972573,93
891434,2531.731290575513,3428.7603696264405,94
891674,2640.083798752896,3451.8630528400854,94
891853,2724.647122167744,3462.3532546034394,95
892113,2848.8336586512355,3472.874858864888,95
892414,3045.8325039821107,3481.561339067009,94
892794,3197.456017314503,3487.5871340138983,94
892954,3270.4657475281133,3491.4054182012974,93
893194,3398.0622758119175,3498.27025395465,93
893374,3573.178841857505,3508.4284179817405,92
893854,3812.0936720449945,3522.018999885507,92
894114,3917.659855018841,3526.1154632787843,91
894474,4184.110372738344,3538.0369399913548,91
894754,4307.417489495547,3543.636489707696,92
894954,4433.551310376112,3549.137328740924,92
895214,4595.6515758172245,3551.259578471934,93
895474,4764.670535542075,3548.894995310116,94
895694,4949.572878914591,3535.362685257784,94
896014,5122.140920042693,3513.0631072077517,95
896334,5337.149901941072,3470.1779384075394,96
896514,5457.078429396057,3439.811043563333,96
896714,5583.826940451666,3402.1306117029353,97
896874,5679.679127516504,3371.1894056035103,97
897214,5913.577665708675,3281.6546423460723,99
897634,6114.188397438992,3191.159701522693,100
897874,6165.010739896245,3167.451274599808,100
898214,6298.5209027891915,3100.5256710963745,100
898314,6335.357790654297,3081.5508537741016,100
898553,6423.649663995161,3036.7229037656434,99
898753,6495.228089303629,2999.553978164274,99
899054,6608.466746339197,2939.7041113909795,99
899254,6721.705403374764,2879.854244617685,99
899514,6764.778987163546,2857.123948104203,99
899834,6878.650287217619,2795.1293755676074,98
899954,6921.674515664844,2770.9857269924437,97
