date,x_rotated,y_rotated,z
600394,-8450.982873427973,7613.885767006691,91
600774,-8309.167563498873,7703.743531666809,91
600914,-8231.069759872022,7751.959017443289,92
601074,-8138.641014262129,7805.334358050929,92
601334,-7982.938960423995,7887.631808987072,92
601634,-7715.030208534155,8002.095343183898,93
601914,-7606.96485598438,8037.236196592616,93
602274,-7357.505965503151,8089.373150472509,92
602934,-6868.921373813573,8080.094316303928,90
603254,-6531.740448013796,8010.301599801379,90
603634,-6274.4475677915425,7922.072501500777,90
603974,-6135.817928987261,7859.920886517782,91
604214,-5971.806284835999,7774.949240759921,92
604334,-5891.312525505162,7729.686069099183,92
604514,-5772.182659936815,7656.187258702908,93
604894,-5526.7664342303315,7491.251282760774,94
605054,-5424.596793402165,7418.344736463178,94
605214,-5323.158506275617,7344.756191805521,95
605434,-5186.10823840115,7237.377310848711,95
605634,-5065.870129242192,7134.830750175626,95
605834,-4952.994912440983,7024.050853840235,94
606054,-4833.694554771603,6894.650603995198,93
606334,-4689.070523518528,6720.498688748453,92
606414,-4648.397398622561,6669.550706342895,92
606634,-4537.922640714167,6530.553124115427,92
606854,-4418.72997014963,6377.807887581864,92
607054,-4323.555308211952,6246.419974419928,93
607354,-4204.241500887938,6036.359946375923,93
607514,-4106.136950910881,5806.521965890105,93
607954,-3967.1798075150914,5490.352846115131,91
608354,-3869.7976348179222,5280.351149834413,91
608514,-3814.533341576496,5160.970004369455,91
608814,-3714.185375153024,4934.591371025506,89
609094,-3599.15650612271,4622.0879961803585,88
609514,-3502.2454607647433,4337.811283649019,90
609794,-3418.642344871763,4158.714887780802,91
609974,-3341.841259735946,4027.9685940591025,92
610234,-3227.431554113578,3859.824550871712,93
610534,-2994.098380710821,3592.0100064761564,92
610814,-2895.5451294709246,3496.5885378747676,92
611014,-2770.0978101392507,3381.124387280321,91
611194,-2655.463753885463,3280.1886000351446,90
611534,-2432.5714269045034,3098.3507311161184,89
611694,-2223.2113800199495,2954.4849229180018,90
612114,-2018.7150559172155,2833.430169073018,91
612294,-1789.895614716553,2720.0164867916615,91
612694,-1569.5966648058063,2626.003867063125,92
612954,-1363.6196804563722,2547.3496750685918,92
613234,-1106.8607325695111,2464.091986654655,91
613574,-862.7636214744977,2403.2101309415725,92
613814,-615.0994761327706,2363.4298454706013,90
614154,-380.9272319676237,2342.5166902170586,90
614394,-179.59859619032088,2333.3635259527105,91
614554,-14.819692650514641,2331.1470088155625,91
614894,278.87038055166323,2332.919267966847,92
615074,428.3491881207545,2338.312419895231,93
615234,560.1857725896031,2345.0291896239137,93
615474,755.1879781818475,2357.3230829925737,93
615554,817.6222456036243,2362.2182082724885,93
615773,980.8980628203664,2377.7426249186965,93
616154,1275.4361532507387,2424.060151683732,91
616494,1427.8089731282116,2471.804510121009,89
616714,1524.3790642400372,2522.2050805806152,89
617394,1800.1083861721952,2799.8367448893396,89
617654,1892.5147057057247,2913.3535811307856,89
617874,1972.2412356039454,3008.2096849427603,90
618074,2050.258281391144,3094.6350317262018,91
618254,2122.9584299007824,3170.6329817424794,92
618614,2263.813562263942,3293.7785528644513,91
618734,2320.4149529162273,3334.2542563941915,91
618994,2453.0591756934446,3404.6212242401057,93
619194,2651.53868127102,3455.708266292677,95
619594,2816.9592042510626,3471.8653259573903,95
619754,2919.748038443102,3477.473852095463,94
619994,3074.88025425892,3482.6695826576197,94
620194,3203.8407792628486,3488.071711007734,94
620414,3442.024255748719,3500.9802945514384,93
620814,3618.5541738559887,3511.089103236972,92
621054,3783.0459217681855,3520.910756294896,92
621334,4065.0433121661877,3532.2893242503437,91
621594,4165.687440594927,3537.26520736991,91
621854,4353.474819854092,3545.5658212613084,92
622054,4496.568865474838,3550.474396195856,92
622293,4669.244593707785,3551.5198048343505,93
622493,4818.377913885979,3547.0194923309627,94
622754,5027.8411746424745,3527.6767315855027,94
622874,5117.950219199205,3514.624525294104,95
623214,5447.965674007461,3442.2518813759743,96
623574,5627.246011631344,3389.2937796212245,97
623834,5818.021610693177,3321.0759608155863,98
624054,6064.828762384978,3216.232125165702,100
624374,6207.4516806665215,3146.865683849627,100
624694,6433.395062402263,3032.1373601897026,99
624874,6559.838464986801,2965.4585333940513,99
625154,6855.067500243041,2808.688584929206,98
625494,7078.570044166142,2684.8475058806853,97
625874,7261.094354722206,2582.95601430247,96
626094,7415.845177460204,2496.1851501722053,95
626254,7527.571771750976,2433.557934617104,94
626614,7794.829897822922,2286.2552053534823,94
627014,8075.045992736055,2125.0567557590953,93
627294,8192.080507882658,2052.338654405996,94
627474,8277.101479026149,1994.889246525516,95
627814,8421.900505569087,1886.5322351593034,95
627994,8491.621380741863,1836.6924963443557,96
628973,8764.102166641158,1595.8123989604035,98
629173,8795.465114782302,1541.6518461207595,98
629394,8819.249796356009,1432.567984241757,97
629834,8801.423601544173,1347.5784155963604,97
629954,8786.006842046883,1311.3248154082034,97
630314,8720.79072265447,1186.2454095437904,97
630674,8668.11530329443,1096.1049624889654,96
630874,8631.291865083955,1034.4200016122702,96
631094,8557.79305468768,915.2901360439234,96
631434,8511.313952331488,840.4991403013701,96
631654,8458.104600636054,755.3301031332096,95
631934,8382.609150501146,639.8076507314021,95
632054,8348.27590544487,588.6487973049836,94
632394,8248.250940424079,439.31358252766046,93
632614,8151.102034868207,291.29300912890506,92
632914,8091.113078491973,194.33257847345584,91
633174,8010.202020396393,65.55602518112036,90
633414,7898.861262460416,-103.90262942891209,88
633854,7794.291132783507,-282.0881731168176,87
633914,7774.8810938089555,-311.12694697189596,87
634114,7706.560091087302,-403.5511893929609,86
634434,7523.42553363317,-582.5308917786757,85
634874,7381.421778759573,-657.5237821203579,84
635034,7298.509607692459,-681.5148614820223,83
635294,7159.211420182749,-699.2916709963753,83
635493,7050.917243768653,-700.4627195831758,83
635753,6865.5796787438585,-679.1322955208159,83
636094,6711.0980587900085,-645.4361667159484,83
636334,6578.696139487673,-607.5583134893237,83
636534,6478.020608560839,-572.9109835402465,83
636734,6288.757072243801,-501.91581595280184,83
637134,6066.797993563589,-414.9206011911174,85
637534,5939.080328520309,-364.47064543402774,85
637734,5831.683524675964,-319.68307434539537,86
638054,5678.090300870133,-260.5466084302581,87
638194,5616.544429596377,-240.00139659990305,87
638454,5508.5553616533525,-212.17405025145067,88
638694,5419.473802847581,-189.95973322989943,88
638874,5359.776505287786,-177.26199075112854,88
639114,5284.384269024821,-168.26139570027897,88
639154,5272.346098829748,-168.54855132788816,88
639434,5192.220252966173,-173.5334108691853,87
639614,5145.7680798751735,-186.7695589162511,87
639954,5068.302919266829,-237.12975045603164,86
640114,5017.247249756426,-301.1478620405243,86
640554,4981.482699795008,-393.29392525571063,87
640994,4968.9150704974445,-489.7877317607866,87
641174,4968.551630263086,-540.7177613228835,87
641354,4973.060889232278,-593.940562672951,86
641514,4979.813564647884,-643.7040168811495,86
641674,4989.294233503741,-696.3928858958246,86
641894,5006.465329264781,-771.9915199467466,85
642233,5033.897802924853,-898.1836725905994,85
642414,5044.536070712877,-978.5069398204022,85
642574,5047.138424204821,-1045.8139064457296,85
642814,5033.081158238827,-1205.226557366418,84
642994,5013.069878743864,-1271.7438385268392,83
643254,4961.592437235815,-1408.6236143002725,82
643574,4903.550765256656,-1510.6048101839433,81
643794,4841.475434880408,-1586.2662492310549,81
644054,4751.034352587415,-1663.7672855703963,81
644154,4712.6180937924955,-1690.0197342219371,81
644374,4620.189348182602,-1743.3950748295767,82
644634,4503.0022638225,-1796.6133729908156,83
644814,4416.383968905734,-1825.4277962144745,84
645014,4314.416222676697,-1848.0459024342833,85
645214,4205.727203530148,-1860.5237675145372,85
645474,4057.6617480227374,-1865.9662747844775,85
645734,3906.2356560565727,-1866.3386614846402,85
645894,3812.1737109424066,-1865.176559363644,85
646134,3665.817739546019,-1862.188309605051,84
646334,3477.7432046592435,-1858.4507533013768,85
646774,3257.8929260554087,-1852.896025781837,86
646934,3151.842166087727,-1850.6077272267682,86
647214,2963.085632840889,-1846.138817221475,86
647414,2825.259129156148,-1842.0333474505403,87
647654,2658.4342305361547,-1837.6227692085347,87
647814,2545.316710260064,-1835.0876939456825,88
648014,2402.518796688659,-1831.5161565101405,88
648174,2286.5745722892057,-1828.882370564175,88
648334,2170.630347889752,-1826.2485846182096,88
648693,1844.7293093182357,-1818.4055585436008,89
649054,1619.2256224676744,-1812.6534096578341,90
649234,1482.081117142996,-1809.2792935885186,90
649534,1205.6967560718947,-1801.7503524067117,90
649794,1065.676191282296,-1799.6908777159647,90
650114,813.8527475951756,-1797.9723872272853,88
650314,539.4156709211485,-1795.4642112736992,87
650614,411.38392098506574,-1794.5309330170246,86
650814,257.91183393871296,-1792.70925861233,86
651134,-61.80186405068421,-1790.035063790612,84
651414,-205.38048666526527,-1788.558876776814,83
651814,-622.6648322522543,-1783.8925154493675,81
652134,-783.9350333086346,-1782.5060626969519,80
652414,-1008.8554324822467,-1780.3119716361678,79
652614,-1170.125633538627,-1778.9255188837521,78
652754,-1283.2925091562738,-1777.8037956825817,78
652954,-1445.9760622743358,-1776.3679875886094,77
653274,-1818.715140247574,-1772.5496434893573,75
653614,-1990.610159437345,-1771.4997017061073,75
653834,-2168.840585233905,-1769.5209848550116,76
653994,-2301.112391355033,-1768.439640573667,76
654294,-2534.562258240292,-1767.3627695252244,76
654354,-2578.42552749398,-1767.2461059986495,76
654654,-2782.1456457423674,-1765.7923450612152,78
654814,-2880.4476470415784,-1764.482176915549,79
655094,-3036.549016845068,-1756.9083835810143,80
655333,-3196.446244759592,-1736.4663556666742,81
655694,-3328.363587068092,-1704.9732643883958,81
655974,-3484.9719599417813,-1630.873213471709,80
656274,-3530.4280497799164,-1595.3240377199788,80
656534,-3604.0345173251094,-1514.9244858834268,82
656694,-3644.4608655132924,-1456.90974316946,83
656914,-3695.3549893884656,-1374.473172674451,83
657074,-3731.393215366934,-1312.3664398001092,82
657314,-3818.563365506627,-1154.3716141740047,82
657734,-3894.395296654773,-1036.3948443489967,82
657994,-3983.5396604567336,-934.9341011901588,83
658154,-4048.6256367120113,-873.9356119064273,83
658354,-4135.248404861679,-801.5719743659554,83
658534,-4220.170665322057,-741.2958623621124,84
658814,-4441.972701555867,-629.5423088502205,85
659094,-4524.521432388623,-602.6033586497884,86
659414,-4723.9835416085025,-560.2610986066993,87
659614,-4852.9350901907,-545.1449443916514,88
659694,-4904.448407429746,-541.2234463323105,89
659914,-5059.966489556286,-537.207710822758,89
660174,-5234.934989577205,-543.1258186648031,89
660414,-5397.914674744607,-550.1701229409211,88
660734,-5619.622503484133,-557.2862086349595,88
660934,-5859.506487659294,-558.107266642034,88
661354,-6119.029334673329,-553.997293682271,88
661674,-6295.7476977250935,-549.2412280493687,90
661893,-6459.64718153861,-542.1026563671129,90
662114,-6639.726181049132,-532.276470164433,89
662354,-6925.559808477995,-511.68187303659425,89
662734,-7093.452571768773,-497.3284750212603,89
663014,-7381.085417570041,-467.4730564801561,87
663354,-7570.564328096767,-443.16786226976296,87
663514,-7692.399761028999,-426.8851327008165,86
663754,-7874.713200564203,-400.00001107484354,85
663914,-7997.131921173385,-380.1592236809148,85
664194,-8210.19361867469,-342.2948201089227,85
664354,-8332.513628600758,-319.62732859163043,84
664614,-8622.668070054318,-260.6748044321606,84
665074,-8987.721194355274,-178.58816460502348,83
665354,-9089.473566374623,-154.5162974477805,82
665594,-9248.729174848911,-115.70069273157972,84
665774,-9356.767598133492,-89.28669844480864,84
665994,-9478.84083135178,-59.55244661910837,85
666194,-9579.861849669509,-34.7985811018028,87
666414,-9680.052803602506,-6.536013101071972,89
666674,-9764.014886496943,20.452292440916583,88
666914,-9877.648386264964,68.99534272075793,87
667314,-9991.708131263533,145.8547895757896,87
667654,-10038.864728790959,193.4914908641488,87
667934,-10088.255766343067,258.1871275758015,86
668094,-10109.536805107944,297.13731870611366,86
668293,-10128.96029373713,348.75832305000426,87
668593,-10136.821212743345,427.56952753501173,88
668814,-10126.900819046383,488.7788878396025,89
668894,-10120.507080676305,509.7817473986011,89
669114,-10095.23723566707,564.7947906993417,89
669334,-10063.829405417271,613.2256506855097,89
669514,-10031.15628913046,657.3670991450767,88
669814,-9971.225664517513,732.3958951736819,88
669994,-9933.531783002483,778.4846280303227,87
670334,-9786.857223524465,946.7093991014389,86
670694,-9706.399339924625,1042.247501273476,86
671054,-9640.074976941602,1138.2791568610799,85
671354,-9562.704023827542,1307.5089876067912,84
671694,-9543.661898320252,1386.795792663904,84
671894,-9535.877233964857,1467.8907925151514,84
672054,-9538.578298139913,1532.3710550171152,85
672354,-9563.480199725962,1649.9843846077652,86
672514,-9610.026580311247,1755.6178757666296,88
672874,-9666.475401750033,1841.0785717512279,89
673074,-9724.247840989117,1908.8970446355845,90
673454,-9874.345811966155,2047.8632243649577,91
673714,-9952.735244453517,2112.8639695476813,90
673954,-10050.467407730412,2191.2758580673335,90
674114,-10119.358218518455,2244.6242993657074,90
674474,-10299.185938132365,2383.213589206089,92
674853,-10515.060860146472,2563.3913293556498,94
675294,-10664.615922366385,2717.9043817635215,94
675474,-10766.90669995403,2848.12571957156,95
675894,-10870.49416607678,3022.259681974843,94
676094,-10936.455058869518,3200.0324600427602,95
676414,-10963.492689797136,3337.5314291800664,96
676714,-10970.13317491907,3532.3362134060844,98
676934,-10957.300816070263,3676.933345349894,98
677014,-10951.234612247621,3729.0793056074453,99
677314,-10921.760586784336,3924.7455567162906,98
677534,-10895.52606102033,4068.167136884471,97
677794,-10860.605025098277,4237.4642758152,94
677994,-10830.574641223237,4368.0176214035755,94
678154,-10803.577359259518,4472.497986863174,95
678474,-10840.831545889367,4317.433079232375,94
678754,-10796.304201163151,4498.42290096728,95
678954,-10754.621513403761,4638.474868254973,94
679154,-10709.430123160944,4777.696771157935,93
679434,-10634.778187065403,4970.370299275285,92
679714,-10396.065191565189,5525.234341883304,90
679874,-10308.15017815739,5733.010544605143,90
680274,-10231.115736012496,5912.865193484245,90
680494,-10166.325861850632,6066.260995923848,90
680754,-10094.944827952464,6246.313066169177,88
680974,-10035.413519304873,6411.21310646846,89
681334,-9954.488981598734,6682.204285655251,90
681814,-9875.224572662059,6946.17805987519,88
682134,-9832.254172789291,7021.799120002476,87
682334,-9768.765490351363,7097.411203708031,87
682514,-9706.165204061455,7147.582950303316,87
682834,-9562.164809449227,7218.968427478459,89
683034,-9394.689314967267,7253.449708603477,90
683334,-9293.8477651723,7264.07899996977,89
683574,-9086.165769944748,7295.033625767901,88
683874,-8922.9213552261,7350.181255482753,88
684054,-8825.817331778882,7395.610416055694,88
684274,-8709.747467431123,7457.35818192858,89
684494,-8515.382378090286,7572.974841824672,91
684854,-8395.260902501977,7649.439415991324,92
685094,-8261.44112794913,7733.208550752435,91
685314,-8133.570893692351,7808.694994509685,92
685474,-8037.682800940588,7859.82691867091,92
685674,-7913.864177924358,7920.596554134393,92
685974,-7718.637621700694,8000.098703445267,93
686274,-7515.572572547177,8060.93114390494,93
686394,-7432.175824486228,8078.537461318259,92
686574,-7304.233808811527,8095.295761503384,92
686814,-7128.53395508899,8101.895867705492,91
687054,-6970.386590205313,8092.128013266099,91
687234,-6837.244340779627,8075.4504409647,90
687434,-6587.098978705433,8025.677980378843,90
687794,-6428.139502280485,7978.382263292552,90
688033,-6257.734119759146,7914.413477093689,90
688213,-6131.627228143773,7858.359468431429,91
688514,-5914.213314119677,7742.513924759162,92
688714,-5715.419753605227,7620.243240218724,93
689154,-5419.77344954017,7414.638612613527,94
689474,-5305.960481249384,7330.712405450086,94
689634,-5206.034256867632,7254.346512010622,95
689894,-5049.452813259136,7118.691613398448,94
690134,-4914.071650575865,6983.777044909623,94
690414,-4703.3431337382835,6737.270468544138,92
690674,-4631.446150304112,6648.440159679052,92
690974,-4449.8551180047225,6418.516918164754,92
691174,-4289.316300605888,6193.574062958852,93
691534,-4204.241500887938,6036.359946375923,93
691734,-4137.441567288737,5882.614153356594,93
691994,-4053.1160741158683,5683.681473283277,92
692154,-4000.727840339362,5562.985686439751,92
692354,-3931.684490293747,5412.6992405622905,91
692694,-3764.5769691908995,5051.679744702495,90
693114,-3651.1902760865887,4773.19553002082,88
693974,-3420.638984610394,4162.322300947341,91
694134,-3352.6051674722758,4043.9103094700545,92
694354,-3248.3760819092886,3888.149923868633,92
694593,-3121.632074042508,3728.773148678941,93
694833,-2870.8944778255614,3473.0865087398406,92
695154,-2757.0904859565067,3368.6420190112385,91
695434,-2575.7596800195333,3212.3117953875008,90
695714,-2402.218011670857,3076.064632676647,90
695914,-2261.9955522821297,2978.4805054684953,90
696114,-2041.6158445317312,2846.2580247329975,90
696414,-1890.8089459294388,2768.1153389974925,90
696574,-1766.896115418924,2710.0153352550456,91
696794,-1594.0095161651172,2636.054373941298,92
697114,-1229.3691874400754,2501.624352490383,92
697454,-1068.3637159349403,2452.134574299234,91
697654,-905.5994049772268,2412.4889051983,91
697914,-624.2615868629231,2364.4573312215607,90
698354,-300.41551979332525,2338.290083686647,90
698534,-145.6781467099607,2332.1789977553503,90
698674,-30.41592067056984,2330.2765655110043,91
698974,215.85282545293722,2331.582200511915,92
699134,466.6084044692728,2339.806529796564,93
699554,696.3117685850532,2353.011245389608,93
699674,790.6698457485592,2360.329255638702,93
699934,979.4847107586847,2377.791980260253,93
700194,1152.2187707549192,2400.7690235255914,92
700354,1250.4803931343044,2418.563785883406,92
700654,1416.3047352685314,2466.5459446067357,90
700694,1435.7057978213525,2475.0664358966515,89
700974,1567.9147989462904,2553.231517752594,89
701213,1671.0356708745935,2649.393286521406,89
701453,1763.1458583587835,2754.4300103927617,89
701614,1828.927312584683,2834.9147933018676,89
701794,1892.5147057057247,2913.3535811307856,89
702074,1996.5733291236045,3036.369039071549,91
702274,2067.909480913118,3113.829696491065,92
702494,2146.361748352596,3192.4569292644796,92
702674,2225.9805911459716,3263.968046387928,92
702914,2409.236285359582,3385.6329572632003,92
703254,2518.230412977202,3427.1092172787066,94
703574,2711.9269536126094,3462.797452677449,95
703734,2811.9877943643987,3471.331393621998,95
703894,2913.363276494756,3476.989275101627,94
704234,3194.6293131911393,3487.685844697012,94
704614,3377.494637905198,3496.8658783146993,93
704794,3496.611053818912,3504.0268461173923,92
705074,3727.7277699963734,3517.18220636888,92
705394,3907.7663905870686,3526.460950669681,91
705574,4034.582209827697,3531.23043600129,91
705814,4206.091362706745,3539.391960289749,91
706054,4379.695866007538,3546.7727755350325,92
706254,4522.058557926664,3550.999352109518,93
706534,4727.923381938353,3550.1782341905896,94
706694,4847.3269534796755,3545.30103179821,94
706834,4951.717584677892,3535.99532827629,94
707114,5250.796336575551,3489.466840622614,96
707574,5504.7375567607805,3426.826145456953,96
707674,5578.954241248115,3404.423383490906,97
707953,5885.7054672074955,3293.9485656706593,99
708374,6099.619655169897,3199.4513689482865,100
708594,6338.866493137723,3080.720789389369,99
708994,6617.530146386236,2935.8499215166576,99
709334,6756.446940818126,2861.6601363385885,99
709594,6936.974611635558,2763.376057926913,97
710394,7492.1975912891085,2453.896748659501,95
710734,7728.173527059562,2322.5447112285615,93
710914,7946.072018077494,2200.314405607949,93
711254,8069.491295172442,2128.0808812486853,94
711494,8263.946088818735,2003.131558609554,94
711834,8355.737688221294,1936.9552616512008,95
712174,8495.762726243795,1833.7177261963225,96
712334,8554.4235616309,1791.3395904222368,97
712634,8639.830399085113,1724.6787164700472,97
713034,8725.475036825379,1644.5663202611051,98
713214,8760.692174840846,1599.4691674684993,98
713414,8792.786476683608,1545.990612988918,98
713654,8819.644639088463,1443.87480073521,97
714094,8786.78755109006,1313.420165829948,97
714413,8757.81158223117,1253.5837786672134,97
714593,8728.351036378446,1200.1321534528242,97
714894,8673.333489888875,1103.7056551327662,96
715014,8650.069261040002,1065.6034812306486,96
715194,8614.026531872705,1006.013870775697,96
715434,8567.498074174955,929.8095229714627,96
715674,8478.29534865378,786.4642274100314,95
716054,8415.479688154184,689.6025074376954,95
716394,8282.584185480355,490.47243595407895,94
716634,8246.007523977665,435.8542353857909,93
716834,8185.484635266039,343.8652146170053,93
717094,8106.13499525681,219.27936216815857,91
717274,8050.682227114961,130.65097785812853,91
717654,7928.806385306975,-56.83576616286882,89
717814,7878.522448418018,-139.27680989077928,88
717934,7841.600299524432,-203.78847489083842,88
718274,7719.141170039498,-387.71716108685354,86
718454,7652.6777174535355,-467.4705902943399,86
718714,7545.218078657074,-566.3109971618455,85
718874,7472.773683276951,-614.7239043045523,84
718994,7415.153783295437,-643.8434359992821,84
719274,7269.31379139098,-686.863161257678,83
719554,7043.8504834602445,-700.2159428753921,82
719934,6916.944929958235,-687.2938497652017,83
720054,6852.90886553028,-677.2747453851241,83
720334,6704.080653823157,-643.7760379464834,83
720494,6618.606508183925,-619.5650811863013,83
720834,6379.539138738864,-536.2176585109821,83
721093,6291.534421025608,-503.4278786975967,83
721454,6057.73459351655,-411.0664113167948,85
721834,5893.763328285113,-345.19969606241494,86
722054,5791.921222004381,-303.4362504633728,86
722294,5681.59900335356,-261.3766728149904,87
722534,5580.093408041994,-230.23804534933947,87
722694,5514.159414558522,-213.78482367935914,88
722854,5454.511472340283,-199.67372913890645,88
723094,5371.715964799745,-179.8015392468829,88
723354,5260.357283976233,-167.42235489381557,88
723774,5170.822550674721,-178.44648899256214,87
723974,5121.296896752575,-198.6506866649228,86
724154,5057.283258400985,-248.77307791865073,86
724514,5017.978603458045,-300.46586368046167,86
724814,4978.162442256077,-407.3287351894139,87
725194,4969.556689937681,-471.4141549589248,87
725394,4968.3138299770335,-527.2662390661293,87
725654,4975.147263232291,-615.2395542812895,86
725914,4986.8623721128315,-684.9873587192582,86
726974,5044.926410256501,-1088.8964666562424,85
727114,5035.136129740745,-1186.9023359061132,84
727433,4971.593588772431,-1385.6241150026433,82
727733,4935.0573061895675,-1459.3472460744117,82
727934,4879.801959413945,-1542.322222137715,81
728194,4796.862859081639,-1627.8681491948673,81
728414,4713.300092152557,-1690.7510879235563,81
728594,4646.854592410057,-1729.4679520007178,81
728834,4540.341681524904,-1780.936387131109,82
729014,4456.451380048387,-1812.6762251612447,83
729234,4347.901450504777,-1841.432316621616,85
729414,4253.97859499355,-1856.5484408807374,85
729674,4109.323131286454,-1865.6477166587733,86
729894,3984.0687301321773,-1866.2265011468937,85
730114,3855.3056264944757,-1865.9752212502817,85
730294,3747.110160763493,-1864.3195657137187,84
730454,3649.539513165901,-1862.32739920799,84
730774,3448.744809723991,-1858.1456448303059,85
731014,3293.95808129907,-1853.4479109606912,86
731194,3175.8691511363154,-1851.4467680332316,86
731314,3095.9900819805225,-1849.3648672661204,86
731534,2947.5387601623906,-1845.5959084643516,86
731754,2796.9920879225147,-1841.046240619407,87
731974,2643.5693562177185,-1837.8112141530305,87
732294,2359.3868811365896,-1830.7174946235027,88
732674,2142.3633066561188,-1825.261477787076,88
732854,2010.1408558765477,-1822.7667814440497,89
733034,1876.5544083768516,-1818.809377697785,89
733314,1667.3289479064078,-1812.9181392090793,90
733454,1561.278187938726,-1810.6298406540106,90
733754,1270.7109509092513,-1804.0206981183187,91
733974,1162.5648405198253,-1800.9516905200742,90
734293,912.8861025960058,-1798.600557012889,89
734514,724.0308586660545,-1796.958351130959,88
734774,469.38071085557084,-1795.1411499591666,87
735054,308.8418635008097,-1793.0726988466884,86
735294,120.71797327247776,-1790.7484946046961,85
735594,-122.62535804455268,-1789.3261361653567,84
735814,-302.2691359027946,-1787.2980639727045,83
735994,-448.67446264073897,-1785.723166275793,82
736054,-498.1911401411541,-1785.4090813829912,82
736394,-775.4549209385445,-1782.802194746292,80
736614,-1003.20202423552,-1780.5093930023943,79
736994,-1264.9189323544122,-1778.4454151228185,78
737194,-1428.2844838325366,-1776.2782533272268,77
737414,-1607.9282616907785,-1774.2501811345746,76
737614,-1772.025166870522,-1772.7650176990458,76
737854,-2081.845400428148,-1770.4363102682244,76
738254,-2308.1791516634416,-1768.1928638658837,76
738354,-2388.83892986241,-1768.206313520517,76
738634,-2601.7705141825063,-1767.1384188938052,77
738854,-2751.0519003853706,-1766.8781625754623,78
738994,-2840.1424356128723,-1765.1821281190732,78
739194,-2959.5953624957515,-1761.7182777883754,79
739474,-3173.2493240957365,-1740.8140989565638,81
739774,-3258.9702464427514,-1723.6699025047903,81
740114,-3405.891552672626,-1676.0870297908896,80
740234,-3451.0604868831524,-1652.576024234232,80
740494,-3539.343383802285,-1587.2297916606115,80
740713,-3635.74295285715,-1470.657397475554,83
741174,-3722.092015033842,-1329.6721519311861,83
741234,-3735.386494844195,-1305.1516134670312,82
741514,-3799.862254157331,-1186.1563343127948,82
741814,-3917.4351748722283,-1007.2887623088997,83
742054,-3952.1183805523024,-967.1630194029589,83
742294,-4048.6256367120113,-873.9356119064273,83
742594,-4182.849200463115,-766.6554416327308,84
742814,-4352.702697805601,-666.6215001902077,85
743134,-4462.926205773309,-621.7352184184622,85
743474,-4666.282883787338,-569.3514279189313,86
743654,-4778.906850647862,-552.6828320392626,87
743894,-4934.810799085124,-539.4556304580012,89
744094,-5073.418011813041,-537.4455111088107,89
744254,-5181.079545208631,-540.7612654589117,89
744454,-5316.424832160906,-546.6479708028619,88
744674,-5466.634993431616,-552.7231210913081,88
744894,-5619.622503484133,-557.2862086349595,88
745074,-5747.02161040171,-558.4976361415855,87
745394,-6019.3633366539925,-556.7701692311755,88
745774,-6253.347135874644,-550.7218882960688,90
745974,-6401.0177486495995,-544.8575790725557,90
746214,-6580.414749800058,-535.762746571495,90
746414,-6821.119821938221,-519.574224496833,90
746834,-7049.737368539755,-501.6851947328805,88
746934,-7126.592312205958,-494.04859640215614,88
747153,-7294.386364813623,-476.8684942634586,87
747433,-7508.623614090556,-452.4062576066647,88
747594,-7648.051914781475,-433.38655817573766,86
747794,-7800.833027046035,-411.7779549074992,86
747974,-7939.43126335222,-389.2495529931464,85
748214,-8108.243825289113,-360.7132790194386,84
748454,-8292.455193879836,-327.3940401035632,85
748614,-8415.40784682441,-302.58184282297,83
748854,-8600.202503092081,-265.7045460821119,84
749094,-8783.485096614957,-226.0499005594468,83
749294,-9040.351731606663,-166.1371988340363,82
749774,-9269.781389749467,-110.72030642318411,84
749994,-9453.597915607736,-66.09425101385544,85
750374,-9595.942654683398,-29.284262458015192,87
750634,-9731.85327646916,9.423655153342278,89
751034,-9833.843448774562,46.9470445673386,88
751194,-9884.616435890259,72.06882355190521,87
751434,-9952.439382007517,115.47444507695018,87
751634,-10001.987462006027,155.41174303839537,86
751874,-10052.504695992207,208.1185648965322,86
751934,-10063.317959070095,222.64692824580248,86
752154,-10098.970318737842,275.54219504843536,87
752394,-10124.433081924475,336.5720868302612,87
752674,-10136.377014669335,440.28969609014683,88
753034,-10123.629916849008,501.4003457116245,89
753254,-10099.042070199836,557.1447427139842,89
753474,-10065.292112820509,611.8616539653854,89
753753,-10012.675025223754,680.0704663933655,88
753893,-9984.587452512886,714.4665164458306,88
754113,-9938.749969596929,770.8839353865219,87
754274,-9875.211931817445,847.9093711537591,87
754574,-9769.156668660935,967.317415927984,86
754894,-9706.349984583068,1043.660853335158,86
755914,-9537.793115863835,1433.288344674729,84
756234,-9541.781892152268,1562.1995143371005,85
756394,-9555.157129802274,1624.9299138082172,86
756634,-9589.476895247988,1715.985686276255,87
756854,-9634.084967857929,1796.0801296417362,88
756994,-9669.154039848725,1845.4173386193863,89
757174,-9722.20184590893,1906.7029835307271,90
757454,-9818.027103708577,1999.199037325639,90
757614,-9878.487157468087,2050.837994512991,91
757774,-9941.042561649341,2103.257660743519,90
757974,-10022.258698260066,2168.3571166093557,90
758294,-10159.990964494595,2276.467351267785,91
758514,-10259.235190516287,2352.1018910056305,92
758774,-10435.455496963656,2492.687820584643,93
759114,-10536.301519991523,2583.2365899824813,94
759354,-10640.795335105755,2690.893650145169,93
759514,-10754.096797137512,2829.9899430557502,95
760014,-10878.38201434819,3039.516038764363,94
760214,-10924.434841517908,3159.283050540044,95
760433,-10957.175236033809,3295.5660889818955,96
760593,-10969.11916877867,3399.2836982417807,96
760774,-10970.13317491907,3532.3362134060844,98
760994,-10957.202105387149,3679.760049473257,98
761174,-10941.650729519823,3800.913484045427,99
761414,-10901.484577738129,4039.366163315445,97
761854,-10848.836057687353,4290.826166768206,94
762194,-10806.749550773777,4462.7032331145165,95
762414,-10763.357378903365,4611.185957430743,94
762574,-10728.36456156339,4721.754952789348,93
762814,-10667.370545512562,4888.0189898087565,92
762974,-10623.897615802498,4998.291853118021,92
763334,-10519.053780152613,5245.099004809823,92
763534,-10422.945810002333,5464.617245677394,91
763934,-10332.836735489676,5674.439443479419,90
764194,-10250.436040725664,5866.134841187367,90
764294,-10220.383230774261,5936.546691141937,89
764454,-10174.034241599276,6048.13419582977,89
764694,-10107.288106618607,6217.027515606315,89
765014,-10005.351732931738,6502.143238988192,89
765454,-9929.15182840448,6779.667246147998,89
765854,-9853.907628210258,6989.300999005529,88
766174,-9801.824472948896,7062.481221320174,87
766334,-9743.948819837868,7119.185795888474,87
766714,-9535.014988227935,7226.510788358972,89
767013,-9420.277718102207,7250.098048566452,90
767273,-9276.106831388945,7265.582086292834,89
767574,-9020.41124498404,7313.96356098152,88
767934,-8856.77198753294,7380.418007189824,88
768174,-8736.462067000135,7442.01770703804,89
768334,-8586.216000042501,7530.1659875871355,90
768714,-8445.181399156576,7617.928401825509,91
768994,-8290.349788623002,7715.822080781707,91
769134,-8210.838632934468,7763.988211216631,92
769294,-8116.996535262893,7817.314196482714,92
769514,-7983.670314125614,7886.949810627009,92
769754,-7831.970516186472,7955.943805331068,92
769994,-7674.913442049944,8016.26026629881,93
770174,-7552.665213541796,8052.320918353642,93
770434,-7371.006843101462,8087.721998124775,92
770594,-7255.982417348124,8099.271088137183,92
770874,-7043.050833028027,8098.2031935104715,91
771054,-6902.693757269263,8085.518900686334,91
771314,-6712.048271388639,8054.097590825975,90
771354,-6682.515944117993,8048.82107246824,90
771574,-6522.6276926252,8007.860761988738,90
771934,-6267.4795181662475,7918.999020669631,90
772134,-6129.531877722029,7857.578759388254,91
772234,-5967.6155839925095,7773.387822673569,92
772594,-5822.026871984665,7687.644444294263,93
772894,-5577.19393395513,7526.266526177112,94
773354,-5335.582542781412,7353.680502249621,95
773533,-5224.645633955546,7268.439653707613,95
773753,-5011.1128390709655,7081.975862292819,95
774134,-4816.061308093092,6872.808703629737,93
774534,-4672.119275200078,6699.388142084611,92
774734,-4511.4727706963995,6497.790273567234,92
775174,-4355.214388402436,6292.100414889482,93
775354,-4276.65446381404,6171.198230257997,93
775634,-4148.591341335789,5907.7673348392545,93
776034,-4045.277581186015,5665.011764432075,92
776214,-3985.584786815048,5530.617678624011,91
776394,-3924.429285040843,5397.587589536071,91
776574,-3862.591784906575,5263.826146746513,91
776874,-3740.379492041277,4994.93926444727,90
777174,-3664.7225561829946,4811.167590741729,88
777474,-3583.1923646353944,4572.710408282883,88
777634,-3519.0890219783482,4382.266817001388,89
778074,-3358.5950866881685,4054.732548969672,92
778354,-3265.2286195446245,3912.0871746558387,92
778594,-3140.629317441145,3752.0777564476416,93
778874,-2979.7270598079517,3578.0649308038355,92
779054,-2835.964495437704,3440.027526142308,92
779314,-2670.5664284899517,3293.451677347403,90
779574,-2502.1442360526094,3152.430526116111,90
779774,-2368.405249295341,3051.5351177907605,90
779954,-2185.1585614593887,2929.8073420074456,90
780333,-1858.1134035662647,2752.1152918232533,91
780794,-1515.848907542077,2605.0234335804907,92
781074,-1374.096432565093,2551.2532202844714,92
781414,-1118.068838379851,2467.3135335104716,91
781534,-1021.3865869302793,2439.881029894473,91
781854,-677.0895454805374,2371.2548887458215,90
782234,-374.59182536083443,2341.587915149213,90
782534,-202.9435828788467,2333.471213057555,91
782894,196.7478949494565,2331.541821592089,92
783214,379.4651536388452,2336.481799024732,93
783434,562.2811230113472,2344.2484805807376,93
783694,834.631825685361,2363.0392962354904,93
784094,1157.9215343432024,2401.984954221047,92
784474,1307.5573843586947,2432.136444899638,91
784614,1386.9114976008257,2455.5442365843533,90
784954,1558.456556166798,2545.778891133463,89
785154,1648.996349142905,2626.1066315961675,89
785314,1716.6263770827657,2698.7439451536893,89
785514,1832.584081092779,2838.3247851021797,89
785914,1944.9343719362525,2975.9089853120395,90
786114,2024.5128358098034,3066.525032938969,91
786354,2173.421835312505,3217.690868586792,92
786773,2304.4732375052754,3323.490348657861,92
786953,2395.537986395044,3378.3283966687395,92
787174,2528.9539417937062,3430.272432371236,94
787394,2665.77091257095,3458.0414170004738,95
787554,2769.4391664892783,3468.571997683653,95
787814,2926.1328003914477,3477.9584290892985,94
788074,3162.0235050893475,3485.994313429452,94
788354,3281.7725640215667,3491.010575468844,93
788634,3469.6586539638465,3502.1378934836057,92
788934,3745.46870377973,3518.6852926919437,92
789254,3899.9682765770417,3526.0257290174018,91
789494,4070.746075754471,3533.5052549457987,91
790434,4751.950366986941,3549.3391933841262,94
790734,5022.187766395748,3527.8741529517292,94
791114,5262.735796087511,3486.92729212686,95
791374,5561.460084172541,3409.98705747625,97
791734,5723.730841714689,3356.2078677585,98
791994,5913.6270210502325,3283.0679944077538,99
792214,6072.478810370335,3212.4272906329365,100
792374,6271.429413331188,3114.914944842705,100
792714,6426.427012776968,3035.210841020849,99
792934,6581.375256881192,2954.0933851373106,99
793273,6903.646426253879,2781.5208108644524,97
793654,7098.693483998851,2673.531712965501,96
793894,7266.649052285819,2579.93188881288,96
794094,7490.102240867364,2454.6774577026777,95
794454,7644.902418946918,2369.319945634094,94
794674,7798.289244964791,2284.011788907067,93
794794,7880.878354717372,2237.967908203155,93
795094,8066.0319480305725,2130.3242976951,94
795274,8164.405730747705,2070.2859859773093,94
795494,8271.546781462535,1997.9133720151058,95
795754,8383.995753033196,1915.4498722549044,95
795854,8426.041851071019,1883.5574650112703,95
796074,8509.550759469714,1823.3307083489844,96
796354,8604.752350672585,1753.4976428825353,97
796554,8663.215764693465,1705.4660988617227,98
796734,8709.789074543942,1661.387455398346,98
796994,8765.466163361283,1594.3496915571652,98
797174,8811.092745300451,1502.8990763566746,97
797434,8818.338974131626,1467.2691427652926,97
797694,8813.381013899594,1386.0754322309315,97
797954,8783.664714917355,1305.0387641429713,97
798234,8739.617473952072,1218.8422412238515,97
798454,8680.162449911231,1116.9104006817377,97
798794,8640.314886211168,1049.6707422414286,96
799074,8554.037575496472,909.0534401202478,96
799434,8506.777764097103,832.1670939559499,96
799714,8435.670436171911,720.7366317145172,95
799793,8413.967625409388,686.8251586558883,95
800113,8280.34076903394,487.01308881220933,94
800574,8177.242323182001,330.7098244095913,92
800734,8097.843327831216,204.71061989906283,91
801034,8041.659205987748,115.40023722897064,91
801354,7892.131013121173,-114.28067085451953,88
801734,7774.10038476578,-313.22229739364036,87
802234,7631.419104765023,-488.6618947978341,85
802394,7503.145051354059,-595.9734376136988,85
802774,7387.173897689413,-654.894499363221,84
802954,7293.538197805795,-682.0487938174148,83
803294,7073.53087675556,-701.2524050480822,83
803554,6961.292776205759,-693.7952752401228,82
803894,6770.014647306629,-660.2292596164637,83
803954,6736.340974534051,-651.9779711106951,83
804154,6624.210561089095,-621.1758546142098,83
804414,6478.020608560839,-572.9109835402465,83
804614,6364.871685786654,-530.7526952087511,83
804814,6250.358766292344,-487.1316994740172,83
805034,6121.909747547444,-437.36374207699015,85
805314,5895.858678706857,-345.98040510559065,86
805674,5780.762471535598,-298.8013515458745,87
805914,5669.026900823095,-256.69241855593555,87
806174,5554.85049229795,-223.6962409545924,88
806333,5488.9164988144785,-207.24301928461253,87
806653,5334.4348788606285,-173.54689047974503,88
807034,5247.587760079541,-168.39150888148737,88
807254,5185.104137316208,-174.6999862230838,86
807494,5129.243076787273,-193.97540882759859,86
807694,5082.929993299212,-223.48978325478177,86
807934,5017.19789441487,-302.56121410220555,86
808274,4994.3195318767175,-349.8748540760326,87
808534,4976.502313486612,-414.3461401562658,87
808734,4968.7176491312175,-495.44114000751324,87
809114,4971.557802909214,-576.1996288895954,87
809354,4981.0294953433395,-649.4067804694328,86
809594,4995.957174657965,-728.4647616622239,85
809834,5018.723346902444,-826.1924517062166,85
810134,5038.564104340446,-926.6481351904594,85
810414,5046.10196203213,-1075.4942997410446,85
810834,5010.6783962727795,-1279.443241853753,83
811054,4975.49713398831,-1375.1473628939225,82
811174,4952.470705425489,-1426.701059052794,82
811474,4881.264666817184,-1540.95822541759,81
811754,4785.210555197289,-1637.3667708941855,81
811994,4701.746498951321,-1697.4230054995112,81
812234,4600.007576586605,-1754.0109165412366,82
812574,4442.120438065344,-1817.8360799924046,84
812754,4359.3069776813445,-1839.000455230706,85
812854,4307.300107026732,-1849.2124777881818,85
813153,4143.342291449927,-1864.0055407327704,86
813353,3948.685573248579,-1866.4059696696588,85
813794,3758.416977256946,-1864.7144084461722,84
814034,3623.367822354012,-1862.1210014200324,84
814254,3484.8099649676515,-1858.6975300091603,85
814474,3291.1313771757063,-1853.349200277578,86
814894,3064.896336623526,-1848.2790497518738,86
815074,2944.030057678965,-1844.765844079619,86
815234,2835.15259358792,-1842.378834841437,87
815394,2724.17977907513,-1839.211116560079,87
815674,2527.625131818265,-1835.177428207065,88
815894,2268.8829938474064,-1828.9721048255574,88
816254,2107.7115034741396,-1824.7589479497785,89
816494,1885.716519107004,-1819.8368634487442,89
816934,1523.7996806333833,-1810.0286001335996,90
817274,1340.01455727321,-1805.025757792914,91
817494,1169.6316008282338,-1801.1984672278575,90
817674,919.9528629044141,-1798.8473337206724,89
818074,714.8193925943455,-1797.3442174416816,88
818374,455.2471902387541,-1794.6475965435998,86
818634,293.97698918237387,-1793.2611437911842,86
818974,-66.7239185957917,-1789.1556440643228,84
819374,-312.1626003345664,-1786.9525765818078,83
819613,-508.81595827454504,-1785.745592352157,82
819813,-672.1815097526694,-1783.5784305565655,81
819994,-836.9604132924754,-1781.3619134194175,80
820174,-984.8284474336584,-1781.151012442631,79
820434,-1281.147803392973,-1777.1711526640759,78
820794,-1478.4831596930142,-1775.232814732806,77
820974,-1627.0331921942593,-1774.2905600544002,76
821154,-1774.8518709938855,-1772.6663070159323,76
821434,-2112.988501126701,-1770.7638448156592,76
821734,-2276.3540526048255,-1768.596683020068,76
821954,-2455.315832103005,-1767.299964529035,76
822154,-2609.568628192533,-1767.573640546084,77
822354,-2747.493842560388,-1766.2948748985127,78
822574,-2888.2457610516053,-1764.9173985678283,79
822934,-3082.408925837387,-1753.1843068879,81
823134,-3184.5067852476327,-1739.0059041624286,81
823294,-3260.3835985044325,-1723.6205471632331,81
823394,-3306.6787291490314,-1712.0983564600915,81
823754,-3500.173345229383,-1620.4368402828138,80
824014,-3546.8947211045297,-1580.5982530044823,81
824194,-3601.355879226416,-1519.263252751585,82
824414,-3659.267408068441,-1435.1665534871115,83
824734,-3735.386494844195,-1305.1516134670312,82
824954,-3814.520730687809,-1160.1730884454012,82
825334,-3886.3100270171367,-1047.99779289179,82
825534,-3989.677645697296,-928.3519178755862,83
825854,-4082.290333062857,-845.1660408354965,83
826233,-4298.4703635480355,-693.9866956211879,85
826614,-4471.307607460286,-618.6123822457588,86
826774,-4566.576506848176,-591.2292339713168,86
827034,-4728.9055961536105,-559.3816788804099,87
827194,-4894.554942997975,-541.5689337232069,88
827654,-5125.810748778376,-538.4460675945769,89
827874,-5367.453572406115,-549.1112346918669,88
828134,-5448.212061288197,-551.9513884698636,88
828514,-5710.22510145643,-558.3675229603775,88
828734,-5923.156685776526,-557.2996283336655,89
829034,-6081.550827367986,-554.5985342026817,89
829334,-6301.4011059718205,-549.043806683142,90
829554,-6539.476895352846,-538.6074035383202,90
829934,-6840.906750801764,-518.8832497150397,90
830354,-7070.156940421804,-498.8495141877863,87
830534,-7269.726736746528,-479.852240833223,88
831014,-7639.621157752941,-435.09604228675926,87
831414,-7885.9706617161,-398.19181628070834,87
831594,-8118.0879343793285,-358.95443956686086,85
831894,-8258.000812064083,-333.54997818758795,85
832094,-8412.630498042603,-304.09390556776486,83
832434,-8673.93461058558,-249.6865460644109,83
832594,-8797.519906548661,-222.7296430205167,82
832753,-8918.22914304682,-194.4580985980548,83
832973,-9076.120754800982,-157.10520128509143,82
833134,-9197.511989659206,-128.10230316101033,83
833514,-9462.71067099633,-63.65341320121421,85
833854,-9580.54384802957,-34.06722740018363,87
834134,-9706.659716066675,1.468498696913435,89
834254,-9781.509043572514,26.015966426261663,88
834594,-9856.793592730635,58.36154816563613,88
834834,-9930.368657777733,99.13788693354562,87
835114,-10001.305463645964,154.6803893367762,86
835374,-10055.865332450965,213.18868546630983,86
835594,-10092.931044180392,266.1333076104993,86
835774,-10121.902509850452,327.9932637770583,87
836094,-10136.493678195911,396.42642683645784,88
836334,-10133.541334124242,460.7092679721959,88
836494,-10123.580561507451,502.8136977733062,89
836674,-10103.57825843422,548.8126963685642,89
837034,-10045.24943082745,638.7557220571629,89
837254,-9975.663142068785,726.8905529516254,88
837534,-9946.844215656298,761.9686013641532,87
837834,-9847.905068149752,880.21007078448,86
837934,-9822.890976270031,907.6380712116495,86
838174,-9761.062422601566,976.2327499503527,87
838454,-9688.60007437798,1065.6822222233839,86
838654,-9612.175849175228,1187.540081231981,85
839034,-9572.171243028766,1279.5380784224978,84
839313,-9539.067378322577,1417.059473636168,84
839734,-9555.157129802274,1624.9299138082172,86
840074,-9583.58568671521,1702.3367426532745,87
840354,-9661.06877021109,1833.8143900765933,89
840674,-9724.247840989117,1908.8970446355845,90
840914,-9804.288425824214,1987.398667416619,90
841054,-9855.101791859735,2031.6253769046657,92
841334,-9965.109925617755,2123.201632053463,90
841574,-10124.863560740512,2249.061776916979,90
841934,-10222.69443470052,2324.6469613132676,92
842114,-10305.373278714484,2388.3824204589796,92
842334,-10407.24678749331,2469.7690791266655,93
842654,-10553.400834334641,2600.1070804612787,94
842834,-10682.298524386453,2738.3329300673017,95
843274,-10837.964642581737,2960.9830134852336,94
843634,-10936.455058869518,3200.0324600427602,95
844054,-10967.665437797163,3380.129412396743,96
844254,-10971.506148060926,3513.28063824416,98
844414,-10963.465730576017,3621.9606809689785,98
844714,-10937.302986229932,3824.110404709283,99
844954,-10910.476196367246,3984.492209617643,97
845134,-10887.858060191511,4105.39886748203,97
845194,-10880.091348679578,4145.457302202953,96
845554,-10825.594254914842,4389.06983630413,94
845734,-10793.764652667396,4510.362360479239,95
845893,-10733.928235548736,4704.260795713775,94
846314,-10652.586429033778,4926.417295760214,92
846574,-10579.159400055423,5104.275304900684,92
846814,-10502.174313252086,5282.716601718105,91
847234,-10368.305153401756,5590.773492634323,90
847514,-10296.686319217535,5757.374040622897,90
847714,-10237.312053016345,5897.515742171973,90
847994,-10156.225999630902,6092.087199344841,90
848154,-10111.241007176044,6205.137411435912,89
848334,-10062.985112523811,6330.809081399006,88
848594,-9982.11890658096,6579.868625958952,89
848994,-9937.353761568691,6747.406925437103,90
849274,-9893.032814630433,6902.225056360119,88
849494,-9844.9339624246,7003.138387573005,88
849674,-9788.561395636638,7077.583895924662,87
849914,-9637.525643214096,7188.345809460665,89
850254,-9455.126942650411,7244.947170157024,90
850634,-9321.531518728985,7261.508048975921,89
850954,-9087.57912200643,7295.082981109458,88
851154,-8978.14977273653,7328.761127114937,88
852074,-8432.89645225372,7625.282317761527,91
852314,-8372.835714459567,7663.514604844852,91
852533,-8260.70977424751,7733.890549112498,91
852854,-8032.6620357123675,7861.774203067984,92
853214,-7869.309933888876,7940.2668194713615,92
853474,-7722.927033227295,7998.833417408256,93
853714,-7570.504858008266,8047.991127907215,93
853874,-7372.420195163144,8087.771353466333,92
854334,-7150.4655897158345,8101.954199468779,91
854474,-7051.530945398117,8098.499325559812,91
854734,-6875.256780420362,8081.023091371774,91
854874,-6776.034980475036,8065.5300472677345,90
855114,-6523.309690985263,8008.592115690357,90
855474,-6356.848232599627,7953.251507886255,90
855814,-6126.07253058016,7855.335342941839,91
856014,-5954.460193785096,7765.145510589531,92
856334,-5785.338050144229,7664.429570786946,93
856494,-5683.603630968341,7599.321138499377,93
856794,-5407.349413034375,7405.714302169426,95
857274,-5197.118922845263,7246.252265951254,95
857434,-5101.580820673225,7165.794382351415,95
857594,-5009.017488649221,7081.195153249643,95
857794,-4899.749685014552,6968.418617175621,94
858054,-4764.426854094568,6811.572414059953,93
858274,-4653.171387142998,6674.670182254229,92
858454,-4563.690512371872,6562.584620962,92
858754,-4353.217748663805,6288.493001722943,93
859033,-4273.926470373791,6168.272815451521,93
859353,-4159.642404699729,5935.747220445279,93
859574,-4083.254115139827,5752.657545099801,93
859794,-3963.8685263978923,5483.869373483672,91
860114,-3908.604233156466,5364.488228018713,91
860294,-3846.766733022198,5230.726785229154,91
860614,-3691.9845377420324,4881.458303936822,89
860894,-3650.508277726526,4772.464176319201,88
861214,-3565.330294092561,4516.898703095504,88
861414,-3510.667241371546,4360.039050325203,90
861554,-3466.2655665495627,4253.772916147833,90
861734,-3397.3613061068863,4119.764696650491,91
862034,-3209.7983074350664,3837.98265050625,93
862354,-3090.9915031812525,3694.448880044397,93
862634,-2846.243826180198,3449.584479604914,91
862954,-2706.277119920985,3324.415309523192,91
863194,-2550.2789639894377,3192.318468736,90
863354,-2443.5821113486168,3107.225686218662,89
863734,-2133.169643648238,2898.9827994345965,90
864094,-1830.972558766704,2739.139370138604,91
864534,-1562.6286151805114,2622.9303862319784,92
864594,-1515.1669091820147,2604.292079878872,92
864894,-1163.5832599812736,2480.9310746353576,91
865234,-1001.747724091406,2434.9499989276346,91
865553,-737.6169074250657,2380.443928741167,91
865633,-670.7541388737483,2370.3261136779756,90
866454,48.83050546671698,2330.339370507194,91
866594,166.28679261096548,2330.482933343035,92
866854,363.1869272587275,2336.3427094217927,93
867074,536.7914305595203,2343.723524667076,93
867254,668.628015028369,2350.4402943957593,93
867474,825.4203596136517,2362.653429924768,93
867754,1002.9284081303239,2380.5109972787723,93
868014,1209.8790496562585,2410.7836247168407,91
868294,1304.6813248937744,2430.8218035210693,91
868554,1428.5403268298307,2472.4865084810717,89
868714,1497.6644646710245,2506.8646056900748,89
869034,1624.8616769894722,2603.600685714105,89
869234,1743.2512423903959,2731.775998486029,89
869594,1812.689465124391,2815.6707731954475,89
869714,1848.920639236184,2860.3955093319632,89
869974,1927.965170774342,2955.982966845557,89
870274,2018.612650855293,3059.655693996788,91
870434,2067.909480913118,3113.829696491065,91
870614,2124.3717819624635,3170.5836264009226,92
870774,2174.153189014124,3218.372866946854,92
870994,2244.165723003338,3278.191301266127,92
871294,2345.7162004235583,3349.6440866262888,92
871454,2401.2407499833275,3379.5443273641945,92
871614,2458.712583940171,3404.423802873879,93
871954,2626.533565813029,3448.7985484306696,94
872253,2680.5864315478293,3456.816509883288,95
872413,2731.7138824761523,3462.106477895656,95
872774,2839.5728372379695,3471.075640492484,95
872894,2870.7652932780793,3472.8165271016005,94
873154,2947.333081316673,3477.2180989659487,94
873414,2987.005649726873,3478.662853525725,94
873674,3040.8610940954463,3481.0274067316163,94
873834,3072.7355484956192,3482.036939639114,94
874094,3122.3509366791473,3484.5495588696754,94
874394,3176.8883794077838,3486.1827583739478,94
874574,3208.0808354478936,3487.923644983064,94
874674,3223.6770634679488,3488.7940882876223,94
874974,3290.3020317332134,3492.1277954811853,93
875334,3327.14789602005,3493.6712607240756,93
875654,3374.6679337818346,3496.964588997813,93
875714,3383.879399853544,3497.3504553085354,93
875974,3422.8699699036815,3499.526563569931,93
876254,3465.418597778801,3502.285959508276,92
876474,3515.7653396639494,3505.4805770989,92
876774,3549.10250146736,3507.854106726522,92
877034,3592.3331277025427,3509.882148963248,92
877274,3634.8817555776627,3512.6415449015926,92
877594,3695.121961894582,3515.49067510132,92
877654,3705.746780027973,3515.827186070486,92
877934,3764.57363428321,3518.72567161177,92
878214,3855.3242982801776,3524.0470421222326,92
878614,3925.4579690288683,3526.550684931063,91
878793,3972.928651449096,3528.430661143119,91
878993,4028.92880158097,3531.427857367516,91
879194,4094.822416144616,3534.0795662010164,91
879394,4156.475974523217,3536.8793410591875,91
879614,4229.485704736828,3540.6976252465865,92
879794,4284.754501167083,3543.012823110921,92
880094,4408.743616284348,3547.881019125643,92
880394,4510.020387731593,3550.7121964819084,92
880614,4552.470304923599,3550.6448882968903,92
880774,4621.141268269052,3551.7845343855956,93
881114,4821.886616369405,3546.18942794623,94
881374,4898.790915377164,3539.9661816771873,94
881654,5038.367282092752,3525.186538431305,94
881874,5150.259895251657,3507.835944191573,95
882094,5266.244498570936,3486.0972277421274,95
882334,5459.855778177863,3438.2989808185384,96
882694,5591.52634377858,3399.739129231851,97
882954,5736.302944245154,3351.5236134994448,98
883234,5903.832267301575,3286.2401859220145,99
883614,6106.5383494536345,3194.9645360554587,100
883814,6219.974427855429,3140.768077528891,100
884034,6345.103189061399,3076.9653101981603,99
884274,6503.560135649049,2995.0177899298897,99
884614,6664.063077316887,2910.8762085567614,98
884834,6772.4290351489035,2853.3191135714374,98
885014,6855.749498603103,2807.957231227587,98
885213,6941.115957137491,2760.4012877788796,97
885453,7086.902090511562,2680.3113176463,96
885854,7181.282593751433,2627.4878322615878,96
885994,7226.402172620402,2602.563474643249,96
886214,7292.327189682142,2565.591970408106,96
886474,7363.124905947434,2526.3276943849924,95
886654,7413.749827038459,2496.9658592153814,95
886834,7465.106101831104,2468.2860224058327,95
887154,7597.687489656205,2395.0250122956095,94
887514,7699.03604252137,2339.1280460797507,94
888014,7817.730686437438,2273.427349693503,93
888194,7913.4751863974325,2219.141156905552,93
888614,8034.848468412193,2149.101693651146,94
888914,8103.452123572628,2107.7914225478444,94
889234,8230.765969461725,2025.516367732139,94
889574,8281.193469186524,1990.501124315801,95
889774,8328.794264787959,1955.5845915825769,95
890074,8395.688435837372,1905.8435634507423,95
890154,8412.253817845098,1893.9444828586093,95
890374,8457.077264664727,1860.540012870179,96
890634,8533.716834121242,1806.2134411624031,96
891114,8595.105662948597,1760.90989058184,97
891274,8620.586378978693,1740.9165639303396,97
891434,8648.113090088977,1718.7291761739807,97
891674,8688.548414698891,1681.2327160251768,98
891853,8717.241701163071,1651.9292126188534,98
892113,8755.918186320408,1604.5886433798337,98
892414,8802.52289866898,1520.8867868478135,97
892794,8817.796065374501,1451.722270086794,97
892954,8816.562181835585,1416.3884685447522,97
893194,8801.719733593513,1356.0585279664504,97
893374,8767.032024724609,1274.487927543098,97
893854,8707.280868634429,1164.0759746308936,97
894114,8677.187679763198,1112.7690551798055,97
894474,8596.761198661454,977.6077399391246,96
894754,8555.549638241266,911.8307889020539,96
894954,8512.776659734725,841.8631370214953,96
895214,8453.617767743226,748.4114088494713,95
895474,8388.558690797214,648.0903417352647,95
895694,8313.211306686977,536.8079455185026,94
896014,8240.057983681598,427.57154438192737,93
896334,8148.809263080237,286.42030992535456,92
896514,8097.111974129597,204.02862153900023,91
896714,8037.903726796539,109.1635413052945,91
896874,7987.817211273807,32.37590582411069,90
897214,7852.866737098059,-185.0783871198109,88
897634,7715.435046189846,-392.5405049488474,86
897874,7675.547103569957,-440.6752328856756,86
898214,7551.800261971647,-560.173011921283,85
898314,7511.871940431933,-589.2028093546307,85
898553,7409.451019707154,-645.0593666947367,84
898753,7315.667253798866,-676.4537173339758,84
899054,7153.558011936023,-699.0942496301486,83
899254,6986.6837579744715,-696.0970234498245,83
899514,6921.866984503342,-688.1732694914909,83
899834,6748.962432406073,-655.2488733080686,83
899954,6684.441790984283,-638.8450069796453,83
