date,x_rotated,y_rotated,z
600394,-6597.625086155711,8028.168173533041,90
600774,-6409.231993143231,7972.7692339656505,90
600914,-6310.068524961193,7935.344555234767,90
601074,-6197.067668211678,7888.946210718227,91
601334,-6019.021214126711,7800.654307421436,92
601634,-5739.6351835983105,7635.947155343623,94
601914,-5636.586123043855,7567.962663591135,94
602274,-5405.936060972694,7405.664946827869,95
602934,-4992.600172666165,7065.056016472465,95
603254,-4756.242873773818,6802.796169640523,93
603634,-4563.641157030315,6563.997973023682,92
603974,-4467.439009341677,6441.7721705918975,92
604214,-4350.489755223555,6285.567586916466,93
604334,-4298.083568603587,6205.908365203264,93
604514,-4226.056471988208,6080.281547392899,93
604894,-4099.563744018039,5792.141668565505,93
605054,-4047.906863943152,5670.763883361916,92
605214,-3994.7872764650265,5550.750094878451,91
605434,-3919.852717886632,5386.81470537801,91
605634,-3849.396015779335,5236.478904158994,91
605834,-3780.3526657337193,5086.1924582815345,90
606054,-3707.661523601739,4918.797721639225,89
606334,-3625.391001930789,4701.540820105603,88
606414,-3604.949003972376,4638.563643926703,88
606634,-3548.100866568234,4463.231703671427,89
606854,-3483.9391921479,4294.719747016776,90
607054,-3411.970427295808,4147.161294579566,91
607354,-3279.3531637397105,3933.099010636568,92
607514,-3125.6747088613265,3734.574622950338,93
607954,-2859.9331487230047,3462.7982015756156,92
608354,-2684.305106374315,3305.2520472564233,90
608514,-2582.6290189617152,3218.211980342011,90
608814,-2384.970631303068,3063.434198382894,89
609094,-2103.350160749984,2881.668110881789,90
609514,-1835.8452579702548,2741.432141926575,91
609794,-1651.2166205707156,2659.2782238703467,92
609974,-1510.9762083385262,2602.73066179252,92
610234,-1322.3946703815514,2532.4668479066945,92
610534,-987.7129141577027,2431.6297413887046,91
610814,-857.8415669293901,2402.330711215283,91
611014,-695.4137669408425,2373.3098602477403,90
611194,-546.7246448366581,2356.089379189217,90
611534,-255.91960752113096,2336.0287143967707,90
611694,-13.455695930389645,2329.684301412324,91
612114,210.19941720621074,2331.779621878142,92
612294,453.15688221251855,2339.5687295105117,93
612694,678.5708348016974,2351.508159066544,93
612954,877.2298089020377,2367.2120442355167,93
613234,1094.6078471951364,2392.1677743960245,92
613574,1279.7255647773404,2425.3254377207436,91
613814,1444.3339762161127,2479.0103600323564,89
614154,1575.9596896641015,2560.733499713281,89
614394,1678.3985632323418,2657.6266221837127,89
614554,1742.47053334722,2729.680648064285,89
614894,1869.5959642477474,2885.1448716604395,89
615074,1936.8401258768852,2966.9936512896707,90
615234,1998.767390228462,3038.415034151737,91
615474,2096.5309859593785,3143.2543366568657,92
615554,2127.346552110497,3174.7249719028546,92
615773,2214.3282872616214,3254.46942468861,92
616154,2422.8852289825622,3391.5241657959796,92
616494,2589.5889908430786,3444.4283790644163,94
616714,2711.9269536126094,3462.797452677449,95
617394,3143.6005729459293,3485.222580808007,94
617654,3312.2830217016144,3493.4828157795796,93
617874,3459.0338358304552,3501.80138251444,93
618074,3593.746479764224,3509.832793621691,92
618254,3717.7849502230456,3516.1143416980944,92
618614,3968.688595264051,3528.5787271677887,91
618734,4053.7364956727342,3532.684166982797,91
618994,4239.379169168599,3540.3521378556898,91
619194,4485.944047341447,3550.1378852266903,92
619594,4674.898001954511,3551.322383468124,93
619754,4794.350928837391,3547.858533137426,94
619994,4972.86851026156,3533.8416460912576,94
620194,5122.140920042693,3513.0631072077517,95
620414,5391.193791254142,3457.677617294995,96
620814,5590.844345418517,3400.4704829334705,97
621054,5760.765150946021,3342.886458682953,98
621334,6048.797312712644,3223.1597958711714,100
621594,6148.346647205405,3176.5236510685786,100
621854,6331.216445152366,3084.5256239221358,99
622054,6471.595946987494,3011.699835464191,99
622293,6639.748936640689,2923.7534195582975,98
622493,6778.665731072579,2849.5636343802285,98
622754,6973.080145799046,2743.719242244577,97
622874,7055.6692555516265,2697.6753615406647,97
623214,7358.252206743883,2528.620466172963,95
623574,7522.748427888982,2437.264058466756,94
623834,7701.131392943114,2338.347337036575,93
624054,7932.9166278700795,2208.556717691987,94
624374,8065.34994967051,2131.0556513967194,94
624694,8257.758748236614,2008.3003898624447,94
624874,8350.914344359298,1940.6613855008532,95
625154,8533.034835761178,1806.9447948640222,97
625494,8615.081036756637,1745.3540414816111,97
625874,8688.597770040447,1682.6460680868586,98
626094,8739.065648685071,1628.52589416704,98
626254,8769.459442838544,1587.1348652240868,98
626614,8814.058539026755,1486.5221392934436,97
627014,8806.157211144784,1361.5638701885077,97
627294,8779.079171341413,1295.2933657358694,98
627474,8751.03197755037,1241.7923851799237,98
627814,8692.160241186479,1136.3024868128273,97
627994,8657.58021942242,1078.076873078001,96
628973,8426.696770386254,706.8992431470407,95
629173,8370.6113592259,620.4155646003115,95
629394,8255.761898806499,451.7869743750118,94
629834,8169.78072014114,319.6497846239208,92
629954,8133.105347955337,262.2048799322701,92
630314,8001.277709952292,53.131988675325566,90
630674,7902.666096993182,-96.25258144355463,88
630874,7842.381008567608,-201.6931244690945,88
631094,7716.8977535930835,-391.17650822872264,86
631434,7643.901473034106,-475.6545706150898,86
631654,7557.601736243044,-556.1303771024648,85
631934,7436.017553251497,-633.9589479892411,84
632054,7377.863720934591,-658.1070697973068,84
632394,7197.519991872824,-696.3842090333603,83
632614,7019.823498411656,-699.3769020689286,83
632914,6906.3694671664,-686.2170086726861,83
633174,6758.806541496288,-657.0077127606472,83
633414,6564.710684895526,-602.8247038887118,83
633854,6369.744384990205,-533.0454669967221,83
633914,6335.536779882236,-519.8227686042894,83
634114,6220.3418620278635,-475.47041916793637,84
634434,5978.1606328318285,-379.98611561443107,85
634874,5805.857321254972,-309.583212125666,86
635034,5720.728663006636,-275.47879093371245,87
635294,5596.905566757504,-235.07036563306448,87
635493,5508.5553616533525,-212.17405025145067,88
635753,5388.5774788568115,-183.22050746892612,88
636094,5292.133027693291,-169.2395261096814,88
636334,5221.366713926095,-169.59846315521133,87
636534,5172.967256438022,-177.8138459740561,87
636734,5093.070234438767,-216.7685103372702,86
637134,5020.9533736060785,-296.3245181785299,86
637534,4991.928049405633,-357.5742574029466,87
637734,4977.381733212901,-409.4240856111583,87
638054,4968.569583106548,-499.68119619255856,87
638194,4969.233628623148,-541.4491150245027,87
638454,4976.313838586189,-622.3556699312545,86
638694,4990.510164199196,-702.0956494841079,86
638874,5004.567400209264,-765.5574026568443,85
639114,5025.484998739781,-855.4376233492528,85
639154,5028.500147807641,-870.401208350802,85
639434,5045.020647706712,-984.891701768748,85
639614,5047.326869149317,-1060.6787807641656,85
639954,5027.3290393089865,-1207.855840123555,84
640114,4989.549896765476,-1337.4310553025275,82
640554,4916.279910233521,-1490.5307256927906,81
640994,4811.440577772466,-1615.641534055299,81
641174,4745.232878316018,-1667.8099203892148,81
641354,4672.106484575832,-1715.4914738303019,81
641514,4603.614989753144,-1752.0142768026058,82
641674,4530.982149428524,-1785.5623096268766,83
641894,4407.123147492469,-1827.2270145868786,84
642233,4227.708193498548,-1859.1687472161432,85
642414,4115.025894874737,-1864.4317859633186,86
642574,4022.960589499202,-1866.8770970088613,85
642814,3882.8906693680465,-1866.230974379796,85
642994,3786.002020130517,-1864.9701615756865,84
643254,3589.4473728736516,-1860.9364732226722,84
643574,3423.304472613721,-1857.257248682286,85
643794,3280.5065590423155,-1853.6857112467437,86
644054,3108.0282521755953,-1849.0777116385113,86
644154,3040.8693515749374,-1847.4400089454105,86
644374,2892.4180297568055,-1843.6710501436414,87
644634,2712.8729625816773,-1838.8162738276258,87
644814,2586.303920048833,-1836.5189988508262,88
645014,2444.919358539109,-1832.9968167568406,88
645214,2300.708092906022,-1829.3759239797416,88
645474,2111.9515596591846,-1824.9070139744485,89
645734,1920.3683222889833,-1820.339393286042,89
645894,1800.1840417044848,-1817.5575413154065,90
646134,1620.6389745293561,-1812.7027649993909,90
646334,1392.3085835554316,-1806.851905430511,91
646774,1130.7397414612094,-1800.54787136589,90
646934,1006.2660493501093,-1799.031305432266,89
647214,786.2677047216047,-1797.716634097771,88
647414,627.8242077885877,-1796.4288920284687,88
647654,411.38392098506574,-1794.5309330170246,86
647814,282.6701726889205,-1792.8663010587309,86
648014,151.81171862947446,-1791.834312118943,85
648174,22.3666166317101,-1790.8516785207116,85
648334,-106.34713166443511,-1789.1870465624177,84
648693,-464.95268902085667,-1785.8622558787322,82
649054,-712.4867211813753,-1782.8784793530413,81
649234,-861.7187520426831,-1781.2048709730166,80
649534,-1160.914167466918,-1778.5396525730296,78
649794,-1310.8775520298445,-1777.5480425530675,78
650114,-1577.5165146938443,-1774.6046449472024,76
650314,-1859.0203516762797,-1771.8496922858328,75
650614,-2015.3684981875524,-1771.3426592597064,75
650814,-2180.878755428978,-1769.808140482621,76
651134,-2534.562258240292,-1767.3627695252244,76
651414,-2668.296771764658,-1767.645421964005,77
651814,-2999.1692202228382,-1760.3363282247885,80
652134,-3109.8952580278446,-1750.101849635022,81
652414,-3248.4441389924737,-1726.1600956589875,81
652614,-3337.4763424566877,-1702.5324265757547,81
652754,-3394.7328022038428,-1680.7219287083878,80
652954,-3469.088576294117,-1642.0409403622232,80
653274,-3608.7591505039904,-1508.3916579104111,82
653614,-3659.949406428503,-1434.4351997854924,83
653834,-3710.744819620563,-1349.1719251671204,83
653994,-3746.684334915918,-1284.238488169415,82
654294,-3816.51737042644,-1156.5656752788623,82
654354,-3831.9072006585375,-1131.264427771531,82
654654,-3918.799171592353,-1005.8260549056613,83
654814,-3976.0376784960463,-942.9789919079697,83
655094,-4091.8876654452883,-836.3404410745098,83
655333,-4235.372050609659,-730.8594891732174,84
655694,-4390.3202947138825,-649.7420332896791,85
655974,-4637.481910218312,-575.3099446367289,86
656274,-4724.665539968565,-559.5297449050802,87
656534,-4891.046240514549,-542.3989981079396,88
656694,-4994.9029393773735,-538.0647044726832,89
656914,-5139.993624736749,-539.3658662406921,89
657074,-5248.386511833958,-543.3636189508558,89
657314,-5509.134265965179,-554.0691649679716,88
657734,-5703.840339508084,-557.8829459665416,88
657994,-5888.504882594546,-557.8021581709631,89
658154,-6003.767108633938,-555.8997259266173,89
658354,-6149.441081670263,-553.642829869643,88
658534,-6281.6141771082775,-549.7347814649353,90
658814,-6593.134918355193,-535.318548497485,90
659094,-6698.306258596586,-528.1081953973085,90
659414,-6940.3753274548735,-510.45696591940856,89
659614,-7093.452571768773,-497.3284750212603,89
659694,-7154.809998098034,-491.6481375093408,89
659914,-7324.699401127444,-473.68732632746804,87
660174,-7526.216481849243,-449.66928774468363,87
660414,-7712.819332911048,-424.0494521557223,86
660734,-7963.359537717695,-385.58380806331945,85
660934,-8229.199838495057,-339.50849490538553,85
661354,-8508.877527839895,-284.4595159617944,84
661674,-8695.718179187754,-245.3881581160779,84
661893,-8864.91660743537,-207.64041807066204,82
662114,-9033.33432663981,-167.7973276035009,82
662354,-9324.5072774226,-97.4886316090203,84
662734,-9463.44202469795,-64.33541156127681,85
663014,-9665.33599530874,-10.587624341621238,89
663354,-9761.237537715137,18.94022969612168,88
663514,-9771.714289823856,22.84377491200126,88
663754,-9853.334245588767,56.118131719222056,87
663914,-9900.54917487948,81.82319838073724,88
664194,-9973.828107877238,131.0796495187365,87
664354,-10008.807445606652,162.72528005458707,86
664614,-10077.491858606738,242.2454121648504,86
665074,-10130.126869091027,355.87443869996883,87
665354,-10135.910390518962,392.86836901147603,88
665594,-10134.42075385053,455.787213427088,88
665774,-10122.799852464275,504.9090481950497,89
665994,-10095.96858936869,564.112792339279,89
666194,-10061.585988970855,616.6849978273793,89
666414,-10017.112502775026,674.5651241713089,88
666674,-9960.156648310112,745.4525746979828,88
666914,-9836.15405358229,892.5353966071617,86
667314,-9723.417896428093,1020.9081307453117,86
667654,-9668.508037043366,1093.9896423768432,86
667934,-9609.883077387258,1192.4127804355317,85
668094,-9583.05181429167,1251.6165245797608,84
668293,-9557.772992860704,1327.1478504456647,84
668593,-9537.447628472939,1443.1818091065004,84
668814,-9539.161585816862,1535.929112842098,85
668894,-9542.315824487661,1567.1709242237646,85
669114,-9563.430844384406,1651.3977366694464,86
669334,-9595.466814463882,1726.8079257758727,87
669514,-9632.770326479362,1793.204070176816,88
669814,-9713.335867228117,1897.1953854096778,90
669994,-9772.768435236669,1957.996453327182,90
670334,-9949.325252653205,2109.2072010395855,90
670694,-10082.866818044246,2215.7560176116626,90
671054,-10206.860406394411,2312.0658823610715,91
671354,-10410.706134635178,2472.0124955730794,93
671694,-10501.322182262109,2551.59095944663,94
671894,-10585.553467940692,2631.6540003140162,94
672054,-10653.703948605385,2706.202722537615,94
672354,-10770.949334772848,2853.927193842956,95
672514,-10859.878324365121,3002.0779103788464,94
672874,-10917.426412972787,3137.104639205417,94
673074,-10949.345719525687,3256.3780975655313,95
673454,-10969.9851088944,3536.5762695911294,98
673714,-10959.010300181284,3668.5025883213602,98
673954,-10937.154920205263,3828.3504608943276,99
674114,-10919.270393630139,3935.2716641665684,98
674474,-10868.174315243983,4203.059249341004,95
674853,-10792.203234581046,4514.553061322727,95
675294,-10718.946697703725,4748.31250991196,93
675474,-10658.002036994452,4913.163194869686,92
675894,-10561.449868770162,5145.401604292392,92
676094,-10472.902212343857,5351.03310125093,91
676414,-10406.748341461867,5502.966196287295,90
676714,-10316.688622290767,5711.375042027639,90
676934,-10250.386685384108,5867.548193249049,90
677014,-10226.480837094998,5924.023943953029,89
677314,-10139.149111364148,6135.358204499849,90
677534,-10079.281291747391,6289.633426665741,88
677794,-10016.528436243983,6465.741572775365,89
677994,-9978.06729534041,6594.585434252718,89
678154,-9952.097499127649,6689.9036889821655,89
678474,-9899.377197658952,6882.635548862803,88
678754,-9842.690545978186,7006.597734714875,87
678954,-9779.735795875651,7087.181228307094,87
679154,-9697.438314983581,7154.353578562384,87
679434,-9561.433455747609,7219.650425838521,89
679714,-9404.632134740594,7252.381843932692,90
679874,-9227.806084583985,7270.970764988316,88
680274,-9038.300244792066,7308.22041847341,88
680494,-8912.14847106804,7354.757822636963,88
680754,-8764.59001863083,7426.726587489055,89
680974,-8630.335022425705,7502.69760824014,90
681334,-8372.835714459567,7663.514604844852,91
681814,-8067.224104632965,7844.5851544634825,92
682134,-7954.178365774795,7900.778222772755,92
682334,-7825.487043555013,7959.255086448267,93
682514,-7720.050973762375,8000.148058786825,93
682834,-7499.877633844008,8064.628291332861,93
683034,-7270.165293306497,8098.351289491068,92
683334,-7137.01406745908,8102.191999754831,91
683574,-6937.928848128191,8089.579488348614,91
683874,-6714.143621810383,8054.878299869151,90
684054,-6581.494925800263,8024.067206950935,90
684274,-6422.535449375316,7976.771489864644,90
684494,-6165.736122568629,7874.408870947225,90
684854,-6014.14851492316,7798.361535633465,92
685094,-5852.528353242981,7705.69048654869,92
685314,-5707.087707259807,7615.707051984339,93
685474,-5604.137357388464,7544.895856108488,94
685674,-5475.656936145469,7455.504685642817,94
685974,-5285.253753739727,7315.83855470992,95
686274,-5101.580820673225,7165.794382351415,95
686394,-5030.940146854335,7101.771767578093,95
686574,-4929.757612857302,7000.598180046864,94
686814,-4801.788697873336,6856.036923834052,93
687054,-4678.939258800703,6706.701679100802,92
687234,-4587.412388949389,6592.4220567037155,92
687434,-4417.365973429506,6376.345180178626,92
687794,-4314.155397195746,6231.940966412214,93
688033,-4218.801266735303,6065.1698963666795,93
688213,-4157.013121942592,5929.995101515439,93
688514,-4055.162069196056,5685.875534388135,92
688714,-3954.033393729408,5461.5922514659305,91
689154,-3794.1317225379084,5117.097758694035,90
689474,-3733.8062851484356,4980.55896712267,89
689634,-3683.612112476787,4857.8171851989555,88
689894,-3610.059503461979,4654.307937971428,88
690134,-3548.100866568234,4463.231703671427,89
690414,-3418.5929895302065,4160.128239842484,91
690674,-3359.9097280667365,4057.608608434592,92
690974,-3218.614930774322,3848.903600688981,93
691174,-3032.339644215878,3631.5524617051483,93
691534,-2878.4458151278054,3479.71804739597,92
691734,-2752.9491404545747,3365.6672488632053,91
691994,-2586.72100912209,3222.600102551726,90
692154,-2482.1688622445704,3136.8746770158823,89
692354,-2347.6985217856827,3036.661267050594,90
692694,-2002.0509632263756,2824.357792604248,91
693114,-1727.1831680888981,2692.355159311341,91
693974,-1108.2740846311929,2464.141341996212,91
694134,-978.6001587691069,2429.1889035760637,91
694354,-797.412915667975,2390.3149670965745,91
694593,-596.0932563124031,2360.6435202670636,90
694833,-253.82425709938684,2335.248005353595,90
695154,-101.86423279782895,2330.6489821670934,91
695434,140.1151017990764,2330.6893311309927,92
695714,357.48416367044416,2335.1267787263378,92
695914,522.608554601147,2342.803726020961,93
696114,768.6395004386018,2357.5608832786265,93
696414,922.6544962420779,2371.28608155243,93
696574,1038.4596310385923,2384.930521986582,92
696794,1184.241291179762,2406.018612618134,91
697114,1452.2308009092533,2482.2722858079987,89
697454,1549.047668728862,2539.7396165760138,89
697654,1640.9021030835377,2617.1912975737982,89
697914,1780.115059520694,2774.356028859244,89
698354,1916.896154566941,2942.9262873212565,90
698534,1987.6983740210615,3025.3583546274363,91
698674,2045.13880547981,3089.8610432057644,92
698974,2148.5064541158963,3193.089572282985,92
699134,2284.8747535862276,3309.3164491212187,91
699554,2422.8852289825622,3391.5241657959796,92
699674,2487.473178589371,3417.5702166595624,93
699934,2639.451155734391,3454.007758603386,94
700194,2802.04497459107,3470.263528951213,95
700354,2903.4204567214283,3475.921410430842,95
700654,3094.7165384640202,3483.391959937508,94
700694,3120.937584617466,3484.598914211232,94
700974,3303.7535539899677,3492.365595767238,93
701213,3463.2738920155007,3501.6533164897696,92
701453,3626.352287866016,3511.5243248892507,92
701614,3749.708759964775,3518.537226667274,92
701794,3875.1605824852772,3524.7694194021205,92
702074,4071.4280741145335,3532.7739012441793,91
702274,4199.706600758399,3538.907383295913,91
702494,4358.446229740757,3546.099753596701,92
702674,4488.088753104747,3550.770528245196,92
702914,4764.670535542075,3548.894995310116,94
703254,4912.924435993981,3539.4726282616207,94
703574,5152.404601014958,3508.4685872100795,95
703734,5272.579905177726,3485.168452674282,96
703894,5391.193791254142,3457.677617294995,96
704234,5717.444790449456,3358.5499948880274,98
704614,5921.27706903559,3279.263159874988,99
704794,6051.574661494451,3221.647733126377,100
705074,6292.966205225578,3103.549796585964,100
705394,6477.881998252727,3009.357708334664,99
705574,6605.007399197327,2941.947527837394,99
705814,6775.206383930709,2851.807050826643,98
706054,6943.893305919298,2758.8892250340846,97
706254,7084.806740089818,2681.0920266894764,97
706534,7281.217794554916,2571.6402213872857,96
706694,7393.626387205751,2508.281652130566,95
706834,7491.515592929046,2454.6281023611205,95
707114,7770.515757146724,2299.132416355018,94
707574,8002.251636732132,2167.928444948748,93
707674,8068.809296812379,2128.812234950304,94
707953,8303.995547117926,1974.8465645324582,95
708374,8438.465887576815,1874.6331545671705,95
708594,8570.257589937008,1778.7585114700405,97
708994,8672.813097075896,1696.640499100736,98
709334,8720.019049944878,1650.4171498740586,98
709594,8770.82343955867,1585.6721578208483,98
710394,8806.255921827898,1364.3905743118703,97
710734,8761.567061422378,1259.820474590889,98
710914,8706.500159591253,1161.9806242091502,97
711254,8668.896012337604,1098.2003129107097,96
711494,8589.250240279036,965.1343480917733,96
711834,8542.771137922844,890.3433523492198,96
712174,8457.323891592878,753.2347527114651,95
712334,8413.967625409388,686.8251586558883,95
712634,8308.72447379415,529.8892512347643,94
713034,8204.163320538972,372.22199011202105,93
713214,8147.346555676998,285.05631320522934,92
713414,8085.894891897526,186.73188582965494,91
713654,7969.8698797024945,4.701128689157075,90
714094,7829.553152907629,-224.59391308361032,87
714413,7765.956783364855,-323.55098347769075,87
714593,7704.316674640888,-407.01053653483007,86
714894,7583.100405116601,-535.0871386236407,85
715014,7532.883776412662,-575.0782651595449,85
715194,7452.591911680954,-625.3397460162118,84
715434,7344.2304270818395,-668.960711795019,84
715674,7137.912428574411,-701.3780449963886,83
716054,7002.9126290130325,-697.3712859085673,83
716394,6737.022972894114,-652.7093248123142,83
716634,6667.629632268773,-634.0126866959198,83
716834,6550.043231943317,-597.3597405864813,83
717094,6396.983940472879,-543.194684558008,83
717274,6291.534421025608,-503.4278786975967,83
717654,6071.670692767141,-417.21337297908804,85
717814,5979.573984893511,-380.03547095598765,85
717934,5909.112779597385,-351.39601306626514,86
718274,5724.237365490062,-276.30885531844524,87
718454,5638.911285875501,-247.85784237321786,87
718714,5526.780872430544,-217.05572587673268,88
718874,5462.942229368817,-201.38321324992808,88
718994,5419.473802847581,-189.95973322989943,88
719274,5324.590769770413,-171.78805102716686,88
719554,5197.923016554456,-172.31748017373022,87
719934,5135.726549418731,-190.66412771039913,87
720054,5107.598597788037,-205.9552472593834,86
720334,5052.1144271480935,-254.96041850076983,86
720494,5026.171560200526,-288.723825534729,86
720834,4980.751346093388,-393.97592361577324,87
721093,4972.885923898342,-436.8610624600593,87
721454,4971.073225915378,-569.8148669412495,87
721834,4983.362646051136,-663.6390117693627,86
722054,4996.58981767647,-730.6094674255248,85
722294,5016.9241285300395,-816.9316302929507,85
722534,5035.598310614144,-910.2711981272284,85
722694,5044.63478139599,-975.6802356970386,85
722854,5047.237134887934,-1042.9872023223663,85
723094,5035.4816171316415,-1177.0088714743417,84
723354,4986.377705251215,-1347.225809051186,82
723774,4924.522222317559,-1477.3753354853768,82
723974,4873.170420757816,-1549.873559439959,81
724154,4775.020958716177,-1645.501395873379,81
724514,4680.784018312148,-1710.1341976329152,81
724814,4485.795262374537,-1803.0878692005438,83
725194,4370.712504857911,-1836.568593839796,84
725394,4268.210826293481,-1854.2152901729407,85
725654,4099.429666854682,-1865.3022292678768,86
725914,3972.030559937105,-1866.513656774503,85
726974,3312.3316581009312,-1854.089530400928,85
727114,3219.0010666883845,-1852.2454299198694,86
727433,2920.6850709904393,-1844.6581569747748,86
727733,2796.2607342208953,-1841.7282389794693,87
727934,2642.156004156037,-1837.7618588114738,87
728194,2456.2261750325624,-1833.391659489294,88
728414,2297.8813887826586,-1829.2772132966284,88
728594,2180.5238123215236,-1826.5940720091062,88
728834,2004.487447629821,-1822.5693600778231,89
729014,1870.1696464285058,-1819.293954691621,89
729234,1704.7580998701937,-1814.932731791172,90
729414,1569.758300308816,-1810.9259727033507,90
729674,1371.1083026302065,-1806.1115753071606,91
729894,1201.4566998868495,-1801.6022863820417,90
730114,1030.2930343986977,-1799.8703462387296,89
730294,889.5411159074799,-1798.4928699080447,89
730454,762.9227180330788,-1797.6089469929268,88
730774,497.6971074307609,-1794.7149047286182,87
731014,306.01515937744637,-1792.973988163575,86
731194,161.02318470118368,-1791.4484458082204,85
731314,64.13453546365427,-1790.187633004111,85
731534,-114.82724403452521,-1788.8909145130776,84
731754,-294.47102189276706,-1786.8628423204252,83
731974,-474.8461534526283,-1785.5167684878354,82
732294,-804.4533158737971,-1782.497086275221,80
732674,-1053.4007000959975,-1779.4639544079735,79
732854,-1203.3640846589244,-1778.472344388011,78
733034,-1352.5961155202324,-1776.7987360079865,77
733314,-1584.5832750022528,-1774.3578682394188,76
733454,-1701.3082084448822,-1773.8194327151978,76
733754,-2023.8486105576426,-1771.0465272103663,75
733974,-2139.8421902986524,-1769.8260933260826,76
734293,-2402.9724504792266,-1767.7127601049501,76
734514,-2593.9724001724785,-1766.703197241526,76
734774,-2823.1822108726924,-1765.7743922177535,78
735054,-2948.288546002298,-1762.113120520829,79
735294,-3057.699942428736,-1754.7547013959827,81
735594,-3204.195003428063,-1735.4882252572718,81
735814,-3300.3433225422423,-1713.0271315279374,81
735994,-3373.7792979864016,-1688.5290191401461,80
736054,-3397.5101509856495,-1679.209865963593,80
736394,-3516.689371895553,-1607.124407628999,80
736614,-3599.2605288046716,-1520.043961794761,82
736994,-3682.0605095781125,-1398.9937111386066,83
737194,-3728.032578908178,-1317.4365603698868,82
737414,-3780.627210472642,-1222.912464338249,82
737614,-3830.592559279969,-1134.1404872364512,82
737854,-3946.6623936718024,-973.0138490159122,83
738254,-4052.035628512324,-870.2788433983314,83
738354,-4096.02901094722,-833.3656709264761,83
738634,-4228.45335632592,-735.3463220660456,84
738854,-4342.22594569688,-670.5250454060869,85
738994,-4420.287843636806,-636.6674009219165,85
739194,-4539.238240682388,-598.5517474092392,86
739474,-4792.991015923121,-550.7759265620139,88
739774,-4911.515167738155,-540.9766696245267,88
740114,-5138.580272675068,-539.4152215822487,89
740234,-5220.752113618832,-542.2060200186883,89
740494,-5396.501322682924,-550.2194782824777,88
740713,-5634.4873778025685,-557.4746535794551,88
741174,-5892.0135850779725,-556.9720937862309,89
741234,-5920.329981653163,-557.3983390167791,89
741514,-6139.5476172384915,-553.9883172605398,88
741814,-6452.580421230203,-542.3494330748962,90
742054,-6527.438725157775,-538.320247910711,90
742294,-6708.931076729977,-528.4447063664746,90
742594,-6937.5486233315105,-510.55567660252166,89
742814,-7199.938553388734,-487.2420624561641,89
743134,-7355.694435801327,-469.77480468985783,88
743474,-7648.051914781475,-433.38655817573766,86
743654,-7789.575565894137,-413.5861497016344,86
743894,-7977.443702992955,-383.67690258607115,85
744094,-8133.585451716271,-356.998178748056,85
744254,-8259.414164125765,-333.50062284603047,85
744454,-8414.725848464348,-303.31319652458916,83
744674,-8586.167693158377,-269.024803621042,84
744894,-8756.097475107614,-231.95906193568783,83
745074,-8895.08157772452,-200.21919394962612,82
745394,-9179.968477242077,-132.25262508467273,83
745774,-9390.44127090607,-81.03540993904042,84
745974,-9506.910451219186,-52.91193154124819,85
746214,-9627.520977034232,-21.813682995422706,88
746414,-9736.775331014269,10.303074879631138,88
746834,-9833.843448774562,46.9470445673386,88
746934,-9865.856992777673,62.21573803995915,88
747153,-9928.273307355988,98.35717789036897,88
747433,-9997.164118144034,151.70561918874296,86
747594,-10035.454736990645,189.83472235605294,87
747794,-10071.452584049288,232.8365247269143,86
747974,-10098.288320377778,274.81084134681623,87
748214,-10121.902509850452,327.9932637770583,87
748454,-10136.058456543633,388.6283128264307,87
748614,-10136.722502060233,430.39623165837526,88
748854,-10125.972043978536,495.1142944463913,89
749094,-10098.992714858277,558.558094775666,89
749294,-10040.08059957456,644.943062639282,88
749774,-9970.494310815895,733.0778935337445,88
749994,-9855.2679605075,871.9767351221731,86
750374,-9782.419745973193,952.2147413234953,86
750634,-9697.475029480525,1054.671537779271,86
751034,-9620.51687194238,1171.5579869012035,85
751194,-9592.27225678511,1230.7123757038764,85
751434,-9558.652412586993,1322.2257959005567,84
751634,-9541.754992843003,1400.8799579391634,84
751874,-9535.670836176898,1494.0624833270404,85
751934,-9536.976501133737,1517.456825357123,85
752154,-9549.562053318834,1602.8008578151464,86
752394,-9580.274405598011,1695.853270021815,87
752674,-9667.108044768538,1843.223277514529,89
753034,-9739.251804910493,1924.9868260712062,90
753254,-9816.663106988452,1997.7363299224005,90
753474,-9901.14116937482,2070.7326104813787,91
753753,-10014.707360957822,2161.7255779532265,90
753893,-10074.584127040382,2209.806477315596,90
754113,-10170.319650578647,2284.610952668709,91
754274,-10252.99849459261,2348.346411814421,92
754574,-10420.985465377673,2481.5694490356855,93
754894,-10531.478176129529,2579.530466132828,94
755914,-10901.264850119243,3093.380459554667,94
756234,-10956.107371363025,3285.623269208567,95
756394,-10968.150014791,3386.514174345089,96
756634,-10969.105689168111,3541.498324136237,98
756854,-10957.004684020922,3685.4134577199834,98
756994,-10944.58512074803,3777.6672080400144,98
757174,-10926.256396098895,3897.3085798673897,99
757454,-10892.107092798287,4085.0286509415378,97
757614,-10870.66450839818,4192.533141890726,95
757774,-10846.345864533154,4301.352274218484,95
757974,-10813.291355168523,4437.460317370473,95
758294,-10749.00848407686,4657.382377392228,94
758514,-10697.719487513306,4809.127027484097,93
758774,-10593.795450509537,5070.117055134272,92
759114,-10528.372933329167,5221.368151810575,92
759354,-10456.803454486504,5386.555347737467,91
759514,-10370.597925189726,5585.900793430772,90
760014,-10252.778167855193,5859.8487899221345,90
760214,-10194.085900014064,6000.7218451728295,89
760433,-10130.660022572327,6155.580355015672,89
760593,-10087.088382179149,6268.6799224483,88
760774,-10037.024292732782,6405.60905356329,89
760994,-9991.734191806852,6547.657660589614,89
761174,-9961.080141335036,6655.548017849525,90
761414,-9907.233643432268,6860.26869258368,89
761854,-9821.76844425884,7038.413857351759,87
762194,-9724.982978937327,7135.504401188417,87
762414,-9622.413992187878,7195.6010147135685,89
762574,-9538.573046052918,7225.927500682023,89
762814,-9402.487428977294,7253.014486951198,90
762974,-9307.348642770612,7262.427847622036,89
763334,-9046.87906784527,7305.689846399387,88
763534,-8864.718167567637,7375.7427293525,88
763934,-8707.602761667822,7457.990824947086,89
764194,-8563.79081200009,7544.241176440665,92
764294,-8508.118196415651,7578.381473363615,91
764454,-8418.417444246008,7634.682228777732,91
764694,-8283.134962289923,7719.815360258969,91
765014,-8034.075387774049,7861.823558409541,92
765454,-7739.40268097364,7993.04091955859,92
765854,-7450.697467312759,8074.939024573451,92
766174,-7321.974742594883,8093.79267518032,92
766334,-7205.685030804532,8101.052353666126,91
766714,-6861.854613505165,8079.847539596145,91
767013,-6698.695459814998,8051.5086869886645,90
767273,-6507.910884331434,8003.809150748189,90
767574,-6237.511969243324,7905.924388301869,90
767934,-6029.448610893875,7805.971204698997,91
768174,-5881.616482439616,7723.687173461561,92
768334,-5697.441019535819,7608.294804285034,93
768714,-5530.2257813722,7493.494699207188,94
768994,-5351.465926429076,7364.848229140135,95
769134,-5263.914383211562,7298.8199982064525,95
769294,-5164.7688678729855,7220.358754345243,95
769514,-5033.668140294585,7104.69718238457,94
769754,-4899.749685014552,6968.418617175621,94
769994,-4773.925475793886,6823.224717944303,93
770174,-4681.617896899396,6711.040445968961,92
770434,-4550.0999005121785,6546.5441948679345,92
770594,-4467.439009341677,6441.7721705918975,92
770874,-4333.004574569713,6259.485630365959,93
771054,-4256.589355744619,6137.950802715969,93
771314,-4164.218971853939,5946.52010460334,93
771354,-4151.853267111432,5915.664159532395,93
771574,-4080.62483238269,5746.905426169961,92
771934,-3960.60660062225,5475.972548790531,91
772134,-3891.563250576635,5325.686102913071,91
772234,-3807.2781363235918,5145.858353343236,90
772594,-3733.1736421299297,4978.414261359369,89
772894,-3618.9658610626175,4682.920466595958,88
773354,-3519.138377319905,4380.853464939705,89
773533,-3461.639644053795,4244.413384051453,91
773753,-3311.6448869487003,3980.9241568694233,92
774134,-3129.7666990217017,3738.962745160053,93
774534,-2966.7197356252077,3565.582562534753,92
774734,-2740.6238146318933,3353.916234295742,91
775174,-2535.176289384949,3179.0553914237416,90
775354,-2415.3240465367144,3085.720296822366,90
775634,-2163.6711249065547,2917.028841689023,90
776034,-1926.2818370744196,2785.627448916527,91
776214,-1788.4822626548714,2719.9671314501047,91
776394,-1648.4392717889089,2657.7661611255517,92
776574,-1506.1035091349754,2600.4378900045494,92
776874,-1217.4790832696729,2497.671451932947,92
777174,-1022.0685852903418,2440.612383596092,91
777474,-774.2159950041191,2385.9672238066855,90
777634,-571.4336282453089,2357.6597736972994,90
778074,-197.29017463211997,2333.273791691328,90
778354,-24.03115872222398,2330.76114250484,91
778594,183.2963726927023,2331.3040213060367,92
778874,417.7243699873635,2337.975908926065,93
779054,568.665884959693,2344.7330575745736,93
779314,783.5537300985942,2359.1626802848036,94
779574,984.4561206453487,2378.3259125956456,93
779774,1127.3123659800415,2396.6860097869476,92
779954,1295.4205034805088,2429.0225851486653,91
780333,1530.9118922130526,2526.9297137594963,89
780794,1725.501332185309,2709.7546295978022,89
781074,1797.1336160241617,2795.6953993874085,89
781414,1920.552923075037,2946.3362791215686,90
781534,1967.8037580526736,3002.7043427207036,90
781854,2144.899040949357,3191.0929325443544,92
782234,2311.7374191799104,3328.8969801968046,91
782534,2422.8852289825622,3391.5241657959796,92
782894,2690.627962004271,3460.711078677436,95
783214,2829.7287281477543,3472.834479945062,95
783434,2970.045424986693,3479.2551176244046,94
783694,3189.657903304475,3487.1519123616195,94
784094,3493.052995993929,3503.443558440443,92
784474,3656.1313918444444,3513.3145668399243,92
784614,3752.535464088138,3518.4385159841604,92
784954,3989.938231530832,3529.2517491061208,91
785154,4131.668280431452,3535.6230314439067,91
785314,4246.495284818565,3541.518713209588,92
785514,4463.281059012983,3549.5142186299154,92
785914,4684.109468026221,3551.708249778846,93
786114,4832.462079161239,3545.1125868537138,94
786354,5115.805513435905,3513.991882275598,94
786773,5325.210442429113,3472.717486903294,96
786953,5459.1737798178,3439.0303345201573,96
787174,5637.722763740065,3385.390234405346,97
787394,5798.481458537417,3328.8336959057883,98
787554,5914.991017770357,3281.6052870045155,99
787814,6087.77890634105,3204.817621567405,100
788074,6343.007838639655,3077.746019241336,99
788354,6470.913948627432,3012.4311891658103,99
788634,6669.6177748805,2907.852083067171,98
788934,6951.543353904655,2755.084390501318,97
789254,7106.343531984208,2669.7268784327352,97
789494,7274.98109863124,2575.3957005784955,95
790434,7932.234629510017,2209.288071393606,94
790734,8169.229074609699,2066.5798621276567,94
791114,8341.267656635311,1948.073633200158,95
791374,8514.374103331707,1819.6245844993318,96
791734,8594.423664588536,1761.6412442834592,97
791994,8639.148400725051,1725.4100701716663,97
792214,8698.145747081322,1672.40711626419,98
792374,8757.33153838209,1604.5392880382772,98
792714,8792.835832025165,1547.4039650505997,98
792934,8814.107894368311,1487.9354913551254,97
793273,8803.815084015258,1355.2778189232745,97
793654,8766.15260499832,1269.565872997991,97
793894,8726.789618292094,1195.9414526093356,97
794094,8667.334594251251,1094.009612067222,97
794454,8621.537490255123,1018.4872626230492,96
794674,8572.034262409341,938.1415693168827,96
794794,8544.283200667638,893.1207011310269,96
795094,8469.321682868123,772.6268388425549,95
795274,8420.697874748632,697.2032000814962,95
795494,8359.443632335386,604.5321809526481,94
795754,8280.390124375497,488.4264408738911,94
795854,8249.763003168873,442.09093130946655,93
796074,8180.99780237321,336.94652033326696,92
796354,8093.356494938387,197.79192561532454,91
796554,8029.710770054058,97.4215031595623,91
796734,7970.601233404113,5.3831270492196825,90
796994,7885.302053098818,-127.48541640349006,88
797174,7776.343801212194,-309.7629502517712,87
797434,7730.259541588455,-373.24712950087087,86
797694,7633.6131658698805,-486.61589971764676,85
797954,7526.350948439646,-579.8028983384257,85
798234,7394.339368680934,-652.3145719476412,84
798454,7210.289515769516,-695.4150550456885,83
798794,7086.251045310694,-701.6966031220926,82
799074,6843.064756440065,-675.5159059325455,83
799434,6714.606761273434,-646.2662311006811,83
799714,6551.407228663442,-598.8224479897195,83
799793,6504.578165683451,-582.3288473999133,83
800113,6235.691313340135,-481.6667361717866,84
800574,6055.639243094806,-410.2857022736191,85
800734,5920.953528426231,-356.7622656853826,85
801034,5817.016071723755,-314.21811104316475,86
801354,5589.20616343059,-232.67888316198025,87
801734,5441.2080161081985,-195.67147323991375,88
802234,5314.015306978579,-170.71120993465084,88
802394,5224.924771751077,-169.0151754782623,87
802774,5161.561729261455,-180.24570736496625,87
802954,5119.152190989274,-199.2833296834284,86
803294,5041.045410940693,-268.0170980250707,86
803554,5012.661706180484,-310.89326044762566,86
803894,4980.751346093388,-393.97592361577324,87
803954,4977.332377871345,-410.8374376728401,87
804154,4969.754111303908,-465.76074671219817,87
804414,4969.184273281592,-542.8624670861844,87
804614,4974.128753903063,-603.8833824462796,86
804814,4983.8472230449715,-670.023773717709,86
805034,4999.60496674433,-745.573052427074,85
805314,5035.697021297257,-907.4444940038653,85
805674,5046.671800054447,-998.3925793670588,85
805914,5044.482212182492,-1101.6166352113771,85
806174,5013.020523402307,-1273.1571905885207,83
806333,4987.939123337567,-1343.0351082076975,82
806653,4895.407163855731,-1520.933496267994,81
807034,4810.709224070846,-1616.3235324153613,81
807254,4727.097101800208,-1680.619823205732,81
807494,4633.887647147139,-1736.090514235116,82
807694,4543.217740989824,-1779.6217457525406,83
807934,4355.017566154743,-1840.2657412677174,85
808274,4248.325186746823,-1856.3510195145107,85
808534,4100.843018916364,-1865.3515846094333,86
808734,3925.340586560053,-1866.2982825648144,85
809114,3756.321626835202,-1863.9336994029964,84
809354,3606.407597613832,-1861.5287373213525,84
809594,3453.716219610655,-1857.6117124949135,85
809834,3270.6130946105436,-1853.340223855847,86
810134,3097.4034340422045,-1849.4142226076772,86
810414,2850.0174679063557,-1842.1903898969413,87
810834,2611.06225879904,-1836.6760412972271,87
811054,2452.717472549137,-1832.5615951045613,88
811174,2366.453641444998,-1830.9642713312862,88
811474,2146.6033628411637,-1825.409543811746,88
811754,1926.02173053571,-1820.5368146522687,89
811994,1760.610183977398,-1816.1755917518196,90
812234,1578.2384126789061,-1811.2221047526907,90
812574,1315.9875722246215,-1804.1867169864504,91
812754,1176.698361136642,-1801.4452439356407,90
812854,1098.9146424025935,-1800.1440522117055,90
813153,861.956073033909,-1798.2371167785304,89
813353,583.2789401748369,-1795.5808748002744,87
813794,313.0819196858547,-1793.2207648713584,86
814034,143.33160625938444,-1791.5381800696027,85
814254,-36.31217159885751,-1789.5101078769505,85
814474,-281.7508533376322,-1787.3070403944355,83
814894,-563.9860440216867,-1785.2340860931286,82
815074,-713.2180748829946,-1783.5604777131036,81
815234,-846.1718793641849,-1781.74777973014,80
815394,-979.8570375469941,-1780.6170801072385,79
815674,-1213.9889027923155,-1778.808855357177,78
815894,-1513.8663165766125,-1775.4122832555709,77
816254,-1697.068152259837,-1773.9674987398676,76
816494,-1946.7468901836567,-1771.6163652326825,75
816934,-2359.109181225538,-1767.829423631525,76
817274,-2553.6671887437724,-1767.4031484450502,76
817494,-2719.908799686817,-1766.5506280280272,78
817674,-2930.6463229020555,-1763.4367383211281,79
818074,-3074.660167168916,-1754.1624372973026,81
818374,-3247.030786930792,-1726.2094510005443,81
818634,-3333.967639973262,-1703.3624909604873,81
818974,-3498.077994807639,-1621.2175493259897,80
819374,-3589.81126244691,-1533.1096177407928,82
819613,-3653.910131871054,-1443.844087223428,83
819813,-3702.0762623059773,-1364.3329315348963,83
819994,-3748.6809746545487,-1280.6310750028758,82
820174,-3791.9250505443642,-1201.9993390406328,82
820434,-3888.3066667557673,-1044.3903797252506,82
820794,-3971.945688335671,-947.3671141176847,83
820974,-4045.2156449116987,-877.5923804145232,83
821154,-4124.919718777629,-809.7155757668794,84
821434,-4310.943755395388,-686.4757372387695,85
821734,-4420.287843636806,-636.6674009219165,85
821954,-4550.4463464927285,-595.3302005534226,86
822154,-4676.126992877553,-567.5925884663527,87
822354,-4804.979830776637,-549.6497301279417,88
822574,-4948.944319701941,-538.9620770424342,89
822934,-5189.559657578721,-540.4651334095719,89
823134,-5325.6362982326145,-547.0338371135847,88
823294,-5436.905244794744,-552.3462312023165,88
823394,-5506.307561841816,-554.1678756510847,88
823754,-5843.228261279177,-557.968177039095,88
824014,-5944.356966701751,-556.5592982103157,89
824194,-6075.897419121259,-554.7959555689084,89
824414,-6237.068909494526,-550.5827986931297,90
824734,-6475.19405421711,-541.5597476099894,90
824954,-6732.908706437009,-526.1923134983294,89
825334,-6931.213216724722,-511.48445167036755,89
825534,-7163.972108828187,-490.6206517583818,89
825854,-7333.861511857595,-472.6598405765086,88
826233,-7696.639817214044,-426.73706667614636,86
826614,-7946.498023660629,-389.0027762853627,85
826774,-8070.962739349998,-366.96792778657647,85
827034,-8273.448974059469,-330.1803653071004,85
827194,-8475.154499725762,-291.29745240588085,84
827654,-8737.140610628801,-236.1587392009077,83
827874,-9012.964110099318,-172.0463602102773,82
828134,-9104.19037466839,-150.46468620723124,82
828514,-9370.802408067197,-85.96644090587854,84
828734,-9539.852770290143,-43.97864467541736,86
829034,-9646.428486171486,-16.200653668521973,88
829334,-9739.552679796076,11.815137624426042,88
829554,-9847.048194323534,53.77600458969486,87
829934,-9957.944724229574,119.91192262822176,87
830354,-10025.224761589709,178.86441683176537,86
830534,-10072.085227067793,234.98123049021527,86
831014,-10128.278295377066,348.0269693483851,87
831414,-10137.453855761853,429.71423329831265,88
831594,-10121.238434377923,509.0997490385385,89
831894,-10099.773423901453,556.4627443539216,89
832094,-10067.535529266923,608.4023068235158,89
832434,-10000.093946271558,695.9044946994733,88
832594,-9966.056833264623,738.583235755802,88
832753,-9929.875014494386,781.8946198306357,87
832973,-9830.253868627779,899.4047355493425,86
833134,-9781.688392271573,952.8967396835579,86
833514,-9661.777787704124,1104.367683802451,86
833854,-9610.614431088878,1191.730782075469,85
834134,-9566.60756904342,1297.0322354980701,84
834254,-9542.831833935517,1390.3044951473291,84
834594,-9535.581101915515,1476.370904885241,84
834834,-9542.948467506167,1569.3156299870654,85
835114,-9573.167266369777,1676.501562810551,87
835374,-9620.691777364462,1774.3862953009443,88
835594,-9675.242669747731,1853.4128739956407,89
835774,-9748.799781951368,1935.2257778938747,90
836094,-9842.727110695498,2021.2877143988842,92
836334,-9936.90121614741,2100.2828905954852,91
836494,-10002.283324452026,2152.8012675091263,90
836674,-10078.043474182252,2212.0498937620105,90
837034,-10237.846464646565,2336.496686563845,92
837254,-10405.882790773185,2468.306371723427,93
837534,-10471.166188394689,2523.6514527604313,94
837834,-10605.331420382505,2652.863257660972,93
837934,-10648.297317066443,2698.9385408629796,93
838174,-10743.916177078132,2817.6062854697816,95
838454,-10841.325279040493,2966.053134055011,94
838654,-10925.749482896475,3162.159110004964,95
839034,-10959.459031400049,3311.2116723435074,96
839313,-10970.083819577514,3533.749565467766,98
839734,-10928.163301576144,3883.2244145921295,99
840074,-10904.36961362478,4017.533239371714,97
840354,-10855.476572765212,4262.7565469008,95
840674,-10819.101805861652,4412.8993999864915,95
840914,-10773.753373172434,4576.879641639661,94
841054,-10744.176163793134,4674.194536107738,93
841334,-10675.908989645939,4866.383487231252,93
841574,-10569.158248518806,5127.274804198314,92
841934,-10503.735731338436,5278.525900874616,91
842114,-10449.875783781035,5402.586797409801,91
842334,-10382.891848514313,5558.028594929592,90
842654,-10284.392395892948,5785.246239124077,90
842834,-10194.135255355623,5999.308493111148,89
843274,-10076.98851995942,6294.506125869292,88
843634,-9987.781291249416,6559.547764760016,90
844054,-9941.40537280924,6732.690117143337,90
844254,-9911.334610014374,6844.138532228232,89
844414,-9883.664306112323,6927.3692614210495,88
844714,-9804.79924309693,7058.339875818242,87
844954,-9711.917322991294,7144.9536675461795,88
845134,-9628.84810947778,7193.703085658051,89
845194,-9598.674162766898,7206.800144102178,89
845554,-9402.487428977294,7253.014486951198,90
845734,-9297.405822997283,7263.495712292821,89
845893,-9111.121530061182,7289.537259967576,88
846314,-8933.69423938416,7345.604688328542,88
846574,-8775.412258130447,7420.736668273163,88
846814,-8631.748374487386,7502.746963581697,90
847234,-8398.136961966897,7648.124774612756,92
847514,-8262.17248165075,7732.526552392374,91
847714,-8145.124486893587,7802.0230769337295,92
847994,-7972.897429967553,7891.52637778122,92
848154,-7871.454639652176,7939.634176452855,92
848334,-7753.733622956683,7987.88106472743,93
848594,-7494.174870255725,8065.844222028317,93
848994,-7292.877636976516,8096.314270832612,92
849274,-7087.546745300221,8100.464562800348,91
849494,-6906.933813454308,8085.666966711004,91
849674,-6773.208276351673,8065.431336584622,90
849914,-6510.006234753178,8004.589859791365,90
850254,-6253.543418915658,7912.852059007338,90
850634,-6086.4089385916905,7836.261814936453,91
850954,-5869.825088952328,7716.907568780761,93
851154,-5737.539833176566,7635.166446300448,94
852074,-5080.290805486618,7147.362473786266,95
852314,-5011.1128390709655,7081.975862292819,95
852533,-4888.155712893489,6955.985604248095,94
852854,-4670.122635461447,6695.780728918071,92
853214,-4528.424019014848,6518.900820231076,92
853474,-4408.598705431807,6364.010877934214,92
853714,-4297.4015702435245,6205.177011501645,93
853874,-4183.207238830845,5990.342994937202,93
854334,-4079.310191004122,5744.029366705041,92
854474,-4033.495164120457,5637.713877186114,92
854734,-3945.512902439493,5442.19118891311,92
854874,-3896.139817730845,5336.458987071132,91
855114,-3771.1995314252977,5064.646689965412,90
855474,-3692.033893083589,4880.044951875139,89
855814,-3595.993291030181,4611.364467363855,88
856014,-3527.5108025851505,4404.494583677571,89
856334,-3443.1359540707253,4206.975255665937,91
856494,-3379.342193117652,4088.71133021332,91
856794,-3167.128542800469,3783.4272549341526,93
857274,-2972.2250778472644,3570.020040086025,92
857434,-2835.964495437704,3440.027526142308,92
857594,-2734.436474049774,3348.747403042851,91
857794,-2605.2830308684474,3238.106596310399,90
858054,-2433.253425264566,3099.0820848177377,89
858274,-2281.3382830716628,2991.8916488054238,90
858454,-2151.197733059203,2909.5178833066047,90
858754,-1851.1453539409697,2749.0418109921065,91
859033,-1710.4697200565013,2684.6961349042526,91
859353,-1457.2284510747972,2581.7502283098856,92
859574,-1264.3575015912204,2512.7517004610713,92
859794,-970.1694017405734,2427.479419465042,91
860114,-837.4713503888976,2398.0816786085074,91
860294,-687.6650082723717,2372.3317298383377,90
860614,-295.4934652482177,2337.410663960358,90
860894,-177.50324576857676,2332.582816909535,91
861214,90.54906895710462,2329.5900639621127,92
861414,258.35209798650067,2332.928244388578,92
861554,374.493743752181,2335.947866689339,93
861734,524.0219066628287,2342.7543706794045,93
862034,847.4013495820528,2364.0084502231616,94
862354,1012.1398742020332,2380.896863589495,92
862634,1264.030626074172,2421.628290292822,91
862954,1394.0769685923474,2458.1241639999334,90
863194,1517.8462362670211,2517.4804474017346,89
863354,1593.4134678198482,2574.274756231418,89
863734,1781.5777669239324,2775.720025579369,89
864094,1936.7907705353286,2965.5802992279887,90
864534,2076.0037269724853,3122.7450305134344,92
864594,2102.4311709138883,3150.1236755990476,92
864894,2274.734512446673,3302.595176203707,92
865234,2373.2115090357465,3367.079911938574,92
865553,2549.6696457250955,3435.9168641962315,94
865633,2597.436460194663,3446.276952778377,94
866454,3130.149050689175,3484.9847805219542,94
866594,3206.6674833862116,3487.973000324621,94
866854,3371.109875956852,3496.3813013208633,93
867074,3507.235871952302,3504.363357086558,92
867254,3614.3141176709437,3511.2371692616416,92
867474,3741.910645954747,3518.1020050149946,92
867754,3890.7568105053324,3525.639862706679,91
868014,4071.4280741145335,3532.7739012441793,91
868294,4155.062622461535,3536.928696400744,91
868554,4269.158273147028,3542.142379806363,92
868714,4335.783241412293,3545.476086999926,92
869034,4460.454354889621,3549.612929313029,92
869234,4560.268418933627,3551.080109949169,93
869594,4636.688140947549,3551.2416256284723,93
869714,4677.7247060778745,3551.223672785011,93
869974,4765.352533902138,3548.163641608497,94
870274,4863.506469176679,3542.6134172777856,94
870434,4915.019786415725,3538.691919218445,94
870614,4974.232506981685,3532.3789386880194,94
870774,5026.378467239237,3526.3127348653775,94
870994,5098.894644037281,3515.9974984359596,94
871294,5193.145034095943,3499.970521996527,95
871454,5241.634225845399,3490.4943263735736,95
871614,5287.9787118315535,3480.3854877321137,96
871954,5424.086754983542,3447.330978367482,96
872253,5466.141829443096,3435.956853689011,96
872413,5507.46555020103,3423.9007306504764,96
872774,5606.193796730789,3394.2741659296203,97
872894,5637.673408398508,3383.9768823436643,97
873154,5722.26813431145,3354.843871038375,98
873414,5770.510549353123,3338.300915107012,98
873674,5839.607757929124,3311.124164620527,98
873834,5881.465411022451,3294.096631695329,99
874094,5950.513264256895,3265.506529147163,99
874394,6029.939158916946,3230.186177259754,100
874574,6077.984152592393,3207.989813081665,100
874674,6104.44299903189,3195.7452450986343,100
874974,6217.147723732065,3140.866788212004,100
875334,6283.220806818476,3108.1353401619062,100
875654,6374.290028941148,3061.7953274086535,99
875714,6391.6854753336065,3053.404949299946,99
875974,6467.405246144006,3013.2612535505427,99
876254,6552.188417001444,2969.263367926818,99
876474,6650.858331767915,2917.705168579117,98
876774,6714.055355389406,2883.6590791504505,99
877034,6798.789170905287,2838.247841465044,98
877274,6878.650287217619,2795.1293755676074,98
877594,6986.966889708079,2736.158928520603,97
877654,7007.7723279008505,2724.111781903799,97
877934,7104.930179922528,2669.776233774292,96
878214,7247.207610813173,2590.5163280264455,96
878614,7349.2381620384,2533.888008108967,95
878793,7415.163179100141,2496.9165038738247,95
878993,7488.73824414724,2456.140165105916,95
879194,7571.327353899821,2410.0962844020028,94
879394,7645.584417306981,2368.588591932475,94
879614,7729.586879121243,2322.495355887005,93
879794,7789.9571986193705,2288.547977141453,94
880094,7918.347885600983,2216.8483851175806,94
880394,8014.043030219422,2161.1488402679493,93
880614,8093.7560805070825,2113.790318185468,93
880774,8149.154990118546,2079.309007104522,94
881114,8288.794161830323,1985.2829377213536,95
881374,8335.712959071698,1951.0977586897486,95
881654,8414.981811285348,1891.0190680521325,95
881874,8474.324645032517,1847.9095785764268,96
882094,8531.621483699497,1806.9941502055788,96
882334,8618.540383898506,1743.110625035197,97
882694,8670.085103635645,1699.5659139072127,98
882954,8719.337051584816,1651.1485035756778,98
883234,8766.731449398294,1590.0602800305633,98
883614,8806.417467463129,1510.8452563913713,97
883814,8816.876266728386,1465.9051460451674,97
884034,8815.732117450852,1412.879766061327,97
884274,8798.498186737696,1344.8504221561109,97
884614,8767.032024724609,1274.487927543098,97
884834,8739.765539976743,1223.0822974088967,97
885014,8717.084598804819,1181.4220656817963,97
885213,8690.69753378324,1134.938490092702,97
885453,8636.55940701996,1043.434046317752,96
885854,8593.78642851342,973.4663944371933,96
885994,8571.302908707721,937.4595709568201,96
886214,8535.260179540424,877.8699605018685,96
886474,8492.536556375442,809.3156606829907,95
886654,8458.835954337672,756.0121014932713,95
886834,8424.403998598284,702.0265439434902,95
887154,8325.11038727911,553.3733275262296,94
887514,8246.788233020841,437.94958580753524,93
888014,8156.270866121098,297.48034971102413,92
888194,8082.139412706317,180.49518990597835,91
888614,7983.2810230394225,24.043859478690624,90
888914,7920.613428564495,-68.57780430860102,89
889234,7800.290028421131,-272.3921300512728,87
889574,7743.621329583827,-355.3177507730191,86
889774,7683.641349629324,-431.75989886330655,86
890074,7583.881114159777,-532.9917882018964,85
890154,7556.188384181362,-556.0810217609082,85
890374,7473.554392320127,-612.6285538828079,84
890634,7307.137786087219,-677.5709373463172,83
891114,7152.1446598743405,-699.044894288592,83
891274,7078.502286642224,-700.7184727126897,82
891434,7003.643982714651,-696.6892875485047,82
891674,6889.507953109333,-682.7980404506424,83
891853,6803.0556770607,-666.3358423589315,83
892113,6676.060389297307,-635.7221708069419,83
892414,6478.020608560839,-572.9109835402465,83
892794,6326.473379835196,-515.9685787299669,83
892954,6255.231465495895,-489.4244712619883,83
893194,6130.973147594484,-441.2179319513127,84
893374,5967.001882363045,-375.3512166969328,85
893854,5763.317669801582,-291.82432549884857,86
894114,5685.789704197048,-262.9380909013423,87
894474,5516.254764980266,-214.56553272253487,88
894754,5446.812069013368,-197.28224666782225,88
894954,5383.655424311703,-182.3410877426368,88
895214,5306.948546670171,-170.46443322686756,88
895474,5235.549589884468,-168.67866450909656,88
895694,5165.8017854465,-180.39377338963592,87
896014,5109.011949849719,-206.00460260094,86
896334,5049.920366043237,-257.00641358095766,86
896514,5024.659497455731,-291.501174316536,86
896714,5001.929200942249,-334.5747581053172,87
896874,4987.194439805022,-371.5597119950933,87
897214,4969.013781180558,-486.96102763742346,87
897634,4975.73055090924,-618.7976121062718,86
897874,4982.097360014124,-659.3496002427613,86
898214,5008.313902978742,-779.8389892983308,85
898314,5016.874773188483,-818.3449823546324,85
898553,5036.230953632649,-912.4159038905293,85
898753,5046.088512377498,-994.8345215420761,85
899054,5041.449110271171,-1127.689615340153,84
899254,5006.873561740014,-1287.0932898391109,83
899514,4991.941379236559,-1329.7316519756132,82
899834,4902.765582980577,-1411.5220998415564,82
899954,4881.695415236561,-1447.5782786634863,82
