date,x_rotated,y_rotated,z
600394,-10886.049865397375,4116.656328633926,97
600774,-10850.446831115261,4285.222113863037,94
600914,-10828.133803410596,4377.130376792171,94
601074,-10800.3558124037,4483.706092673514,95
601334,-10749.73983777848,4656.700379032165,93
601634,-10647.170821073103,4939.671396650741,92
601914,-10603.796602046154,5047.117555836643,93
602274,-10499.100832420938,5289.684651343399,91
602934,-10297.467028260711,5755.278690201153,90
603254,-10172.472823512926,6052.324896673258,89
603634,-10068.450075826042,6316.141628446797,88
603974,-10022.823463930947,6447.56541733973,89
604214,-9977.286586297234,6596.680784674462,89
604334,-9957.809239137663,6668.169475721547,90
604514,-9932.373375260295,6768.459140337658,89
604894,-9869.808964701384,6959.4321607657175,88
605054,-9829.230047299701,7027.35381756609,87
605214,-9776.85973641073,7088.495869685662,87
605434,-9689.492134948883,7159.028856399708,88
605634,-9598.723518108454,7205.386792040496,89
605834,-9496.459639830076,7236.485010630396,90
606054,-9376.217027482291,7255.634793286604,90
606334,-9216.449912748974,7271.989274317544,88
606414,-9153.136225600909,7281.8064541425665,88
606634,-9002.522245176015,7319.706703489629,88
606854,-8883.38787641884,7367.904236422646,88
607054,-8773.21819702559,7422.7826633533505,88
607354,-8610.054540146593,7516.140154075163,90
607514,-8445.181399156576,7617.928401825509,91
607954,-8208.64457182961,7766.034206296818,92
608354,-8041.290214107127,7857.830278932279,92
608514,-7941.211420511876,7907.400785007153,92
608814,-7748.712857728462,7989.828349124504,93
609094,-7476.335225789256,8070.174012474744,93
609514,-7219.136553061287,8100.814553380073,91
609794,-7037.3974247813,8098.005772144245,91
609974,-6900.598406847519,8084.738191643158,91
610234,-6723.987730900598,8056.63713932173,90
610534,-6419.758100593509,7975.259427119849,90
610814,-6306.559822477768,7934.514490850034,90
611014,-6167.831472990373,7875.189579990401,90
611194,-6044.699351523034,7814.99422582621,91
611534,-5819.249523202859,7686.132381549468,93
611694,-5625.526083258185,7560.501060550274,94
612294,-5259.77303770963,7295.845228058419,95
612694,-5090.570136229112,7156.919427248871,95
612954,-4943.397580058552,7015.225254079248,94
613234,-4773.925475793886,6823.224717944303,93
613574,-4621.947528604794,6636.7878557947015,92
613814,-4468.1210077017395,6442.503524293516,92
614154,-4333.63721758822,6261.63033612926,93
614394,-4234.62631861968,6098.269257884038,93
614554,-4179.26331469514,5981.714816542442,93
614894,-4070.8390550557624,5723.214952090539,93
615074,-4011.8776143864147,5588.138867922411,92
615234,-3957.9773178651135,5470.220429860691,92
615474,-3875.738198692258,5292.586741395713,91
615554,-3848.0813744007664,5233.6028446940745,91
615773,-3773.146815822372,5069.667455193634,90
616154,-3636.9759976301207,4734.492115598292,88
616494,-3558.9051532243893,4498.278349585859,89
616714,-3504.1927451618176,4342.83204887724,90
617394,-3224.703560673328,3856.8991360652353,93
617654,-3086.217514660815,3689.329404133063,93
617874,-2957.171758584333,3555.3436107120847,92
618074,-2839.374487238016,3443.684294650404,91
618254,-2726.88513674753,3342.1158643867216,91
618614,-2495.225541768871,3147.943693223283,90
618734,-2416.6880432568396,3087.1830042256042,90
618994,-2237.0487685874264,2963.4585887036583,90
619194,-1991.6235664592114,2819.0408953266874,91
619594,-1794.768313920104,2722.309258579632,91
619754,-1671.438771086538,2667.7673126621676,91
619994,-1483.736652855852,2592.581444231234,92
620194,-1325.8540175234205,2534.7102643531084,92
620414,-1041.7074481292152,2445.5434145629306,91
620814,-833.9626479054718,2397.2516142237746,91
621054,-639.0771058398024,2365.6822383387466,90
621334,-313.13568834846023,2338.734281760657,90
621594,-199.38552505386411,2334.054500734504,90
621854,12.033996521436936,2330.2092573259856,91
622054,172.67155455931132,2330.967510336871,92
622293,366.013631382091,2336.2439987386792,93
622493,522.608554601147,2342.803726020961,93
622754,725.4088742034191,2355.5328410419006,93
622874,807.679425830296,2361.1503436017038,93
623214,1079.693617535144,2390.565977389847,92
623574,1217.7265190078426,2412.6321984308015,92
623834,1358.2989689762956,2446.637878983715,90
624054,1515.7508858452768,2518.2611564449103,89
624374,1597.1195916695006,2579.098100093412,89
624694,1713.7503176178454,2697.429303775121,89
624874,1772.8015225045024,2767.5360452586187,89
625154,1907.2898457627784,2931.2336045170805,90
625494,2015.6872360488164,3056.927700556538,91
625874,2112.670122736557,3159.6716526399227,92
626094,2160.939467043422,3204.6835444040476,92
626254,2226.6625895060342,3263.236692686309,92
626614,2394.806632693425,3377.646398308677,92
627014,2629.458980619506,3451.5265418709196,94
627294,2760.9096987776315,3467.4547776713116,95
627474,2868.719298197892,3475.010588206458,94
627814,3076.2936063206016,3482.620227316063,94
627994,3189.657903304475,3487.1519123616195,94
628973,3838.3147181984405,3523.225954159231,92
629173,3976.4867092740783,3529.013948820068,91
629394,4245.081932756882,3541.5680685511447,92
629834,4447.002832632867,3549.375129026976,92
629954,4534.828081823356,3551.968506097189,93
630314,4844.5002493563115,3545.399742481323,94
630674,5067.266966344892,3522.054725836871,94
630874,5216.391310101355,3497.0361307683206,95
631094,5484.416695561844,3432.4885301254103,96
631434,5632.850064536514,3387.6830061933165,97
631654,5794.290757693928,3330.3951139921405,98
631934,5996.56161819371,3246.917578135613,100
632054,6082.9062071375,3207.1103933553754,100
632394,6324.97974922869,3088.2811031133447,100
632614,6550.824420281318,2970.726075330056,99
632914,6691.836565134953,2895.7555811088105,98
633174,6875.1909400757495,2797.3727920140213,97
633414,7112.580227907885,2665.9713992415254,96
633854,7349.2381620384,2533.888008108967,95
633914,7390.849038423944,2509.7937148753604,95
634114,7529.66712217272,2432.7772255739283,94
634434,7840.631475051954,2260.5994940335236,93
634874,8023.057074924905,2155.8812983319444,93
635034,8111.1021715579855,2103.9865880150787,94
635294,8237.0026653854,2021.7608885409293,94
635493,8324.020276267522,1960.704067493911,95
635753,8447.430576940738,1867.952260569485,95
636094,8552.328211209157,1792.1202994654127,97
636334,8628.869069982557,1734.9670236342731,97
636534,8641.925749506858,1723.8980074268716,97
636734,8723.42904174519,1646.7603813659628,98
637134,8792.835832025165,1547.4039650505997,98
637534,8815.857757399159,1477.261317880177,97
637734,8818.123599921937,1420.5791693882409,97
638054,8792.203159050732,1326.674266720476,97
638194,8773.762274063853,1284.8659689687058,97
638454,8732.88722461283,1208.4641997982435,97
638694,8692.160241186479,1136.3024868128273,97
638874,8658.360928465596,1080.1722234997444,96
639114,8612.51446912791,1003.2365219938908,96
639154,8603.540803342254,989.3991334264143,96
639434,8541.990428879668,888.2480019274755,96
639614,8499.31616105624,821.1070541702803,96
639954,8411.724208962974,683.3658115140188,95
640114,8326.622450023906,556.1506763080357,94
640554,8210.942925219771,384.0133835993107,93
640994,8099.404745917567,208.9013207425516,91
641174,8043.9026224341615,118.85958437083978,91
641354,7986.255793187455,28.185204980622377,90
641514,7932.512509156629,-52.01242230087446,89
641674,7880.815220205989,-134.40411068722835,88
641894,7813.068528739554,-250.90469349843872,87
642233,7699.147843387997,-413.19787711694914,86
642414,7624.787566108894,-496.21323210007847,85
642574,7560.52715104952,-553.4023836622148,85
642814,7458.344030610794,-622.7104632590755,84
642994,7382.884486162811,-656.1597854002326,84
643254,7220.963689244463,-693.6651920148415,83
643574,7083.424341187331,-701.597892438979,82
643794,6966.214830750866,-694.6746949664121,83
644054,6824.789890321317,-672.0475823689458,83
644154,6769.332648946566,-659.4979059148445,83
644374,6648.722123131519,-628.3996573690191,83
644634,6503.896167323388,-581.5974936982941,83
644814,6403.2699917381115,-545.5368116875353,83
645014,6290.170424305483,-501.9651712943584,83
645214,6175.657504811173,-458.34417555962455,84
645474,6039.558438080916,-404.77138362983146,85
645734,5894.445326645176,-345.93104976403407,86
645894,5811.4613741601415,-311.1939855535745,86
646134,5694.902459585644,-265.3789287139831,87
646334,5560.454545203121,-225.30701438250088,87
646774,5428.586558236177,-192.40057104254024,88
646934,5373.129316861426,-179.85089458843947,88
647214,5282.23956326152,-168.894038718785,88
647414,5223.5114196893965,-168.9658201367053,87
647654,5158.685669796535,-181.56034874353443,87
647814,5122.028250454194,-197.9686883048602,86
648014,5079.22386944956,-228.3131271167757,86
648174,5049.920366043237,-257.00641358095766,86
648334,5025.440206498907,-289.4058238947916,86
648693,4982.362119521296,-388.37187071060316,87
649054,4970.58417568864,-462.2520442287725,87
649234,4968.906094075714,-510.30601432594926,87
649534,4975.295329256962,-610.9994980962447,86
649794,4983.945933728086,-667.1970695943454,86
650114,5006.415973923224,-773.4048720084284,85
650314,5034.530445943358,-900.3283783539002,85
650614,5043.665627408319,-962.9107118003469,85
650814,5047.138424204821,-1045.8139064457296,85
651134,5009.947042571161,-1280.1252402138157,83
651414,4983.205513736955,-1357.0205627998441,82
651814,4872.439067056197,-1550.5555578000215,81
652134,4813.68399421888,-1612.1821869134299,81
652414,4717.688214362272,-1686.6590977631813,81
652614,4639.639766076979,-1733.4612314779793,81
652754,4580.606514033784,-1762.5314078311526,82
652954,4492.960733366059,-1800.507941784964,83
653274,4276.740294005127,-1853.098070160599,85
653614,4168.149985541691,-1862.7492311174897,85
653834,4044.2102257659835,-1866.2040750705298,85
653994,3952.194275732005,-1867.2360340543912,85
654294,3774.695203637064,-1864.575318843233,85
654354,3738.630048393403,-1864.023433664379,84
654654,3556.2089217533544,-1860.4832987269315,84
654814,3455.1295716723366,-1857.6610678364702,85
655094,3274.8531507955886,-1853.488289880517,86
655333,3063.482984561844,-1848.229694410317,86
655694,2859.910932338127,-1842.535877287838,87
655974,2567.930343246971,-1835.8773794105894,88
656274,2468.9463435876974,-1833.835857563304,88
656534,2282.3345161041607,-1828.734304539505,88
656694,2166.390291704707,-1826.1005185935396,88
656914,2005.21880133144,-1821.8873617177605,89
657074,1887.8612248703048,-1819.2042204302384,89
657314,1602.9967514291136,-1811.3791471990917,90
657734,1390.8952314937499,-1806.8025500889541,91
657994,1192.2452338151404,-1801.9881526927643,90
658154,1068.5028954056593,-1799.789588399078,90
658354,912.8861025960058,-1798.600557012889,89
658534,772.134184104788,-1797.2230806822042,88
658814,441.79566798199994,-1794.8853968296523,86
659094,330.0421444260348,-1793.8130289700384,86
659414,74.02799989542599,-1790.5331203950075,85
659614,-87.9735548625734,-1789.8286660026545,84
659694,-152.30575133986775,-1788.2896739926666,84
659914,-331.2675308380471,-1786.9929555016336,83
660174,-544.1497598165867,-1784.5117088132401,82
660414,-741.4851161166278,-1782.5733708819703,80
660734,-1004.6153762972016,-1780.4600376608375,79
660934,-1284.7058612179555,-1777.754440341025,78
661354,-1580.3432188172076,-1774.5059342640889,76
661674,-1776.9965767571864,-1773.2989500344381,76
661893,-1955.2270025537466,-1771.3202331833425,75
662114,-2134.188782051926,-1770.0235146923094,76
662354,-2442.59566354787,-1767.744162603045,76
662734,-2600.3571621208243,-1767.1877742353618,77
663014,-2842.287141376173,-1765.8147711375793,78
663354,-2980.795643420977,-1760.9779476650253,80
663514,-3066.180054798826,-1754.4585693466424,81
663754,-3184.5067852476327,-1739.0059041624286,81
663914,-3257.5568943810695,-1723.7192578463469,81
664194,-3375.1926500480827,-1688.4796637985896,80
664354,-3434.396394192312,-1661.648400703002,79
664614,-3556.4426981454044,-1570.3593011818139,81
665074,-3675.9718796791067,-1406.9892465148603,83
665354,-3706.702184801745,-1354.9733994385167,83
665594,-3758.6641733477027,-1262.5940091701798,82
665774,-3797.8656144187003,-1189.7637474793337,82
665994,-3849.9756689893284,-1101.624413396042,82
666194,-3905.939913434279,-1022.5484793597891,82
666414,-3980.129668656421,-938.5908696982547,83
666674,-4082.9723314229195,-844.4346871338772,83
666914,-4235.372050609659,-730.8594891732174,84
667314,-4456.640154508077,-624.0773455479894,85
667654,-4585.5333713269865,-587.0295567060974,86
667934,-4759.169277125874,-554.7871588827376,87
668094,-4860.0018504991085,-544.8981676838681,88
668293,-4987.104825367345,-537.6294828204043,89
668593,-5186.050955095295,-541.2951977943042,89
668814,-5346.885934499396,-547.7068590519161,88
668894,-5401.472732569589,-550.7534106178701,88
669114,-5551.633538498742,-555.4152088446347,88
669334,-5690.38881725133,-557.645145680489,88
669514,-5817.056570467287,-558.1745748270528,88
669814,-6031.352151507508,-555.643972797103,89
669994,-6160.747898163716,-553.2479871371901,89
670334,-6497.076333502397,-540.0880637850204,90
670694,-6735.735410560372,-526.0936028152158,89
671054,-6946.0287357016,-510.25954455318185,89
671354,-7278.888847476681,-478.82475508226395,88
671694,-7431.81802576591,-461.45620799907084,88
671894,-7586.061845433708,-441.21160145095763,86
672054,-7707.897278365941,-424.92887188201115,86
672354,-7936.653914570414,-390.7616157379413,85
672514,-8149.033613711655,-353.6285658675684,85
672874,-8329.686924477395,-319.7260392747435,84
673074,-8480.758552630932,-289.6866789779728,84
673454,-8812.236714842425,-218.67803177996743,83
673714,-8961.06492654955,-185.1793243413271,83
673954,-9127.33793999069,-144.70359085566082,82
674114,-9229.772310370101,-119.90036999679867,84
674474,-9457.10661809116,-65.26418662912224,85
674853,-9675.862102759018,-8.097431187423439,89
675294,-9777.318342729028,24.454548339909287,88
675474,-9857.524946432253,57.67954980557443,88
675894,-9954.534732429262,116.25515412012591,87
676094,-10023.860764869583,177.40170942852703,86
676414,-10066.727950870409,226.30369675389832,86
676714,-10109.536805107944,297.13731870611366,86
676934,-10128.812227712458,352.9983792350487,87
677014,-10133.774661177391,372.98272946481893,87
677314,-10134.568819875201,451.54715724204357,88
677534,-10121.28778971948,507.6863969768567,89
677794,-10089.969693731064,573.8088354048243,89
677994,-10056.417157717966,622.8723384094984,89
678154,-10026.718811579189,662.8724413671332,88
678474,-9957.913231863698,748.9119218398523,88
678754,-9895.155903127388,823.8420071853444,87
678954,-9817.771500358696,912.4120597320868,86
679154,-9763.987837408044,973.5047565101032,87
679434,-9688.60007437798,1065.6822222233839,86
679714,-9624.272351133588,1165.321290977528,85
679874,-9573.68330577356,1276.760729640691,84
680274,-9546.152091474447,1376.2696852136264,84
680494,-9536.12401067264,1460.824032206743,85
680754,-9541.880602835381,1559.3728102137372,85
680974,-9563.529555067518,1648.5710325460834,86
681334,-9645.530873954322,1812.753198754307,88
681814,-9798.150440583651,1980.8164841020466,90
682134,-9860.607134081793,2036.0628544559377,91
682334,-9933.491224347097,2096.6261220873894,91
682514,-9995.413985509846,2146.9010825546166,90
682834,-10127.640909522319,2250.573839661774,90
683034,-10266.786527818529,2358.7334296617596,92
683334,-10348.052019770812,2422.4195334659153,93
683574,-10457.427510510324,2511.8510828514113,94
683874,-10588.963459741006,2635.310768822112,94
684054,-10663.933924006324,2717.1730280619026,94
684274,-10750.6868053372,2826.3331745476544,95
684494,-10867.815527978088,3017.920915106685,94
684854,-10919.324342028303,3143.538756495319,94
685094,-10956.00866067991,3288.4499733319303,96
685314,-10971.008121412457,3426.2360980968456,97
685474,-10969.549887242121,3528.7781555811016,98
685674,-10959.35578757218,3658.609123889589,98
685974,-10932.70846623226,3854.374085681547,99
686274,-10898.895673900817,4052.7189748890855,97
686394,-10882.68025251689,4132.104490629312,96
686574,-10858.11483194408,4247.990383265477,95
686814,-10820.613868606446,4410.122051204685,95
687054,-10775.265435917228,4574.102292857853,94
687234,-10736.31971801982,4696.561392386861,93
687434,-10652.537073692221,4927.830647821896,92
687794,-10590.72196967839,5077.085104759567,92
688033,-10520.664553580522,5239.494951904653,92
688213,-10467.535959724739,5362.873850079775,91
688514,-10371.329278891346,5585.218795070709,90
688714,-10282.050268763422,5791.532290389309,90
689154,-10149.248973583877,6109.532001078856,90
689474,-10099.579726869963,6235.154315700393,88
689634,-10058.98285662482,6344.11253763109,88
689894,-10003.642248820717,6510.573996016725,89
690134,-9961.080141335036,6655.548017849525,90
690414,-9900.157906702128,6880.540198441059,88
690674,-9874.394508277326,6949.686762358616,88
690974,-9790.073458381432,7074.806547142855,87
691174,-9650.492588477015,7181.723247226267,88
691534,-9542.1311038779,7225.3442130050735,89
691734,-9435.1919477622,7248.496251560275,90
691994,-9287.463003223955,7264.5635769636065,89
692154,-9195.832919500699,7274.807002019176,88
692354,-9035.424185327147,7309.535059851978,88
692694,-8767.46607809575,7425.411946110487,89
693114,-8568.860932569867,7540.880539981909,92
693974,-8125.624713657654,7813.370272347009,91
694134,-8027.59191514259,7865.13483952674,92
694354,-7889.442350143316,7931.064329821383,92
694593,-7732.237209982118,7995.62084697417,93
694833,-7457.813582962724,8073.772449219552,92
695154,-7328.3595045432285,8093.308098186483,92
695434,-7122.880546842263,8101.698446339265,91
695714,-6915.413925824398,8085.963098760344,91
695914,-6766.872869744883,8064.502561516776,90
696114,-6547.139254667624,8015.084564743547,90
696414,-6402.263943517936,7969.695753134504,89
696574,-6289.115020743751,7927.537464803008,90
696794,-6135.817928987261,7859.920886517782,91
697114,-5825.486219126534,7689.887860740678,93
697454,-5695.345669114075,7607.514095241859,93
697654,-5566.815892529523,7519.536276837869,94
697914,-5350.783928069014,7364.116875438516,95
698354,-5129.740174802015,7190.126475871074,95
698534,-5023.388809552091,7095.140228921964,95
698674,-4944.7615767786765,7016.687961482487,94
698974,-4786.152090933455,6837.802436635129,93
699134,-4632.810147024236,6649.90286708229,92
699554,-4492.52488263932,6473.072313736852,92
699674,-4432.221871326211,6396.675017799293,92
699934,-4310.112762376929,6226.139492140817,93
700194,-4208.185425023643,6044.988124770683,93
700354,-4155.115192887074,5923.560984225536,93
700654,-4059.0566379902043,5695.917064844576,92
700694,-4045.9595795460777,5665.743118133695,92
700974,-3952.0367539907775,5457.984838299391,91
701213,-3869.846990159479,5278.937797772732,91
701453,-3786.2438742664986,5099.841401904516,90
701614,-3726.6004352370883,4964.033964034769,89
701794,-3671.2464077342793,4826.961240128011,88
702074,-3593.99665129155,4607.7570541973155,88
702274,-3548.051511226677,4464.645055733108,89
702494,-3485.3031888680252,4296.1824544200135,90
702674,-3420.589629268837,4163.735653009023,91
702914,-3252.418716728107,3893.9513981400296,92
703254,-3149.4952961219574,3761.5853545686905,93
703574,-2966.037737265145,3564.851208833134,92
703734,-2868.848482745374,3470.8924476349835,92
703894,-2768.7338134191255,3379.661679877083,91
704234,-2486.310207746502,3139.8494471639156,89
704614,-2296.5396683592644,3002.3280219943185,90
704794,-2167.812470408486,2920.0036118370563,90
705074,-1917.9497907289997,2781.091260682142,91
705394,-1718.1197680418588,2688.5009694370183,91
705574,-1578.6600648528454,2629.858056937448,92
705814,-1390.1772375789837,2556.7675389282585,92
706054,-1200.6669245541627,2492.839131649222,91
706254,-1041.7074481292152,2445.5434145629306,91
706534,-815.6877817867233,2393.7832906601748,91
706694,-684.8383041490082,2372.233019155224,90
706834,-570.0202761836273,2357.6104183557427,90
707114,-241.10408854425174,2334.803807279585,90
707574,31.138927024917884,2330.2496362458114,92
707674,111.79870522388633,2330.2630859004444,92
707953,452.4255285108994,2338.886731150449,93
708374,694.1670628217524,2352.3786023711023,93
708594,961.0124232737097,2375.606895577126,93
708994,1238.3435122561186,2415.4499261324336,92
709334,1358.9809673363582,2445.906525282096,90
709594,1494.7390498645475,2504.136612249825,89
710394,1827.4646051814448,2833.5507965817424,89
710734,1953.077973337177,2986.2376713960903,90
710914,2080.3918491822,3126.8370206738095,92
711254,2165.376944594694,3210.1888866261042,92
711494,2339.232727792099,3346.3328055090897,92
711834,2440.1415857720826,3399.412014067389,93
712174,2633.7483921461076,3452.7918279079313,95
712334,2731.812593159266,3464.9331820190196,95
712634,2954.4491969666383,3478.3846743198465,94
713034,3168.4082670376933,3486.478890423288,94
713214,3285.3306218465495,3491.593863145793,93
713414,3416.4852079553357,3499.041986576095,92
713654,3656.1313918444444,3513.3145668399243,92
714094,3958.0637771306597,3528.242216198623,91
714413,4098.380473969599,3534.662853877966,91
714593,4225.927646911845,3540.1143375696374,91
714894,4456.214298704575,3549.760995337699,92
715014,4522.058557926664,3550.999352109518,92
715194,4640.246198772532,3551.8249133054214,93
715434,4802.099687505861,3546.8804027280235,94
715674,5082.033129980214,3519.4164666580027,94
716054,5259.958447305704,3488.4393548716544,95
716394,5599.9571008071125,3398.029645120829,97
716634,5687.378530843419,3368.7979231324266,98
716834,5832.689063645385,3315.6109975133554,98
717094,6018.82976378972,3236.2344282389345,100
717274,6146.933295143723,3176.573006410135,100
717654,6412.540268867935,3042.7711547448243,99
717814,6524.414929183377,2984.383995374768,99
717934,6607.784747979134,2940.435465092599,99
718274,6842.544753054132,2814.786191249943,98
718454,6966.112096173751,2746.7927230757246,97
718714,7143.813062867821,2648.6073553471615,96
718874,7252.762308376786,2587.4922025368546,96
718994,7334.669419769305,2542.1796755345613,95
719274,7524.112424609108,2435.801351063518,94
719554,7809.3986400920185,2277.9635379278875,93
719934,7968.97280669201,2187.4865499479697,93
720054,8045.957863539421,2143.0534426719655,94
720334,8199.681200526458,2047.1204678115485,94
720494,8275.688126964467,1994.9386018670725,95
720834,8452.935919162795,1863.5147830182123,96
721093,8509.550759469714,1823.3307083489844,96
721454,8637.784404004926,1726.8727775749048,97
721834,8710.471072904003,1660.6561016967269,98
722054,8750.56091012302,1613.2661771161506,98
722294,8788.793197206347,1553.2054393219955,97
722534,8813.475251349804,1490.0801971184255,97
722694,8819.011996069956,1446.0195064985112,97
722854,8815.287919376842,1400.1595975061919,97
723094,8793.715221795528,1329.451615502282,97
723354,8741.9596010816,1225.1282924890836,97
723774,8686.892699250475,1127.2884421073447,97
723974,8648.606553636762,1064.2394845105243,96
724154,8587.00682383262,961.6750009499037,96
724514,8532.236054050834,872.3152629382554,96
724814,8421.478583791808,699.2985505032398,95
725194,8354.956799442558,597.6134866689089,94
725394,8298.238745263698,513.2745138854807,94
725654,8205.675383283766,374.99933889382805,93
725914,8137.592180848165,269.12357421600836,92
726974,7800.339383762687,-270.978777989591,87
727114,7749.521514538337,-348.4484118308374,86
727433,7580.1749903101245,-537.8151320638907,85
727733,7502.4136976524405,-596.6554359737614,85
727934,7397.946781847474,-650.3179322090103,84
728194,7261.466322039396,-688.7117349716387,83
728414,7139.3257806360925,-701.4274003379452,83
728594,7050.185890067034,-701.144717943238,83
728834,6915.531577896553,-687.244494423645,83
729234,6692.141194311198,-641.236489450729,83
729414,6591.317597359694,-610.8292156866972,83
729674,6444.495001812933,-560.419638849433,83
729894,6320.187328569964,-513.6264516004392,83
730114,6193.102306545189,-465.3212016066505,84
730294,6089.797492861218,-424.9217527277331,85
730454,6004.668834612884,-390.8173315357796,85
730774,5829.58817425422,-318.9023653022196,86
731014,5712.34726131966,-272.35595476100906,87
731194,5631.943236250206,-244.78436154207148,87
731314,5580.775406402056,-230.96939905095866,87
731534,5489.598497174541,-207.97437298623169,88
731754,5409.629693757366,-188.20089377732126,88
731974,5337.2615829839915,-173.6456011628586,88
732294,5217.808656101112,-170.18175083216036,87
732674,5140.747314646953,-188.71684331332534,87
732854,5101.065769815022,-210.6798804382642,86
733034,5066.059502820414,-240.5890975979008,86
733314,5021.684727307697,-295.6425198184673,86
733454,5005.783390816572,-325.5113580582784,86
733754,4976.502313486612,-414.3461401562658,87
733974,4972.441725824332,-449.5812310151944,87
734293,4968.699696287756,-536.4777051378386,87
734514,4974.761396921569,-606.0280882095801,86
734774,4991.726094894651,-707.7984130723914,86
735054,5007.730615301793,-776.280931473348,85
735294,5027.966215472248,-865.4297984641374,85
735594,5045.6532907252185,-987.0364075320489,85
735814,5045.904540665904,-1081.1477079877714,84
735994,5029.078902339835,-1218.5300135985024,83
736054,5021.123745883406,-1243.7235740009892,83
736394,4970.862235070812,-1386.306113362706,82
736614,4914.767847488726,-1493.3080744745976,81
736994,4826.848360848025,-1599.9062164323047,81
737194,4759.029887963668,-1657.6786556713905,81
737414,4674.3005456806895,-1713.4454787501145,81
737614,4590.648044490225,-1758.6368390370044,82
737854,4422.086732494017,-1824.2118655190195,84
738254,4295.212581490102,-1850.9129854774724,85
738354,4241.940424798478,-1856.8355965083463,85
738634,4085.9781445979274,-1865.5400295539291,86
738854,3958.5790376803507,-1866.7514570605554,84
738994,3876.5059074197006,-1866.7155513736318,85
739194,3756.321626835202,-1863.9336994029964,84
739474,3508.83695001624,-1859.5365708156237,84
739774,3393.6240793184056,-1856.2207865095959,85
740114,3172.3604486528893,-1850.6167036484992,86
740234,3092.481379497097,-1848.534802881388,86
740494,2916.4450148053943,-1844.5100909501048,87
740713,2681.047863523061,-1838.4124546734415,87
741174,2426.5457817372476,-1832.3551973166038,88
741234,2397.547386801995,-1832.0500888455329,88
741514,2180.5238123215236,-1826.5940720091062,88
741814,1870.9010001301249,-1818.6119563315583,89
742054,1795.9439855194398,-1817.4094752907365,90
742294,1615.7169199842485,-1811.8233452731017,90
742594,1388.0685273703866,-1806.7038394058407,91
742814,1126.4996852761644,-1800.3998053412197,90
743134,970.8828924665108,-1799.2107739550308,89
743474,703.512576100892,-1796.9493747092283,88
743654,561.3473055479926,-1795.522543036987,87
743894,400.0771044916124,-1794.1360902845713,86
744094,226.81808858171627,-1791.623441098083,85
744254,98.05498494401444,-1791.372161201471,85
744454,-63.897214472428445,-1789.254354747436,84
744674,-242.12764026898867,-1787.2756378963406,83
744894,-422.5027718288499,-1785.9295640637508,82
745074,-569.6394522684134,-1785.0366647269018,82
745394,-883.6503866695274,-1781.146539209729,80
745774,-1148.1939989117827,-1778.9838506470398,78
745974,-1313.7042561532082,-1777.449331869954,78
746214,-1512.452964514931,-1775.4616385971274,77
746414,-1776.2652230555673,-1772.6169516743757,76
746834,-2021.0219064342791,-1771.1452378934796,75
746934,-2102.3636829933102,-1770.4273338464936,76
747153,-2292.632278984943,-1768.735772623007,76
747433,-2516.8706797984923,-1767.2730352638418,76
747594,-2649.191841261177,-1767.605043044179,77
747794,-2784.2903515056682,-1766.4249880797213,78
747974,-2895.9945197200764,-1763.9392681584259,79
748214,-3009.744683014673,-1759.2594871322726,80
748454,-3133.141534033257,-1747.1674584068148,81
748614,-3209.1170579731706,-1734.608805530983,81
748854,-3315.060130836008,-1708.975520287388,81
749094,-3410.7642518761772,-1673.7942580029185,80
749294,-3528.3820546997285,-1597.5180988248364,80
749774,-3623.6150484006953,-1488.061820289744,82
749994,-3698.033627487159,-1370.1344058062928,83
750374,-3759.978814726271,-1259.71794970526,82
750634,-3835.2678371172933,-1126.1943072017534,82
751034,-3935.799775252359,-986.1288603035007,82
751194,-3994.5009895592902,-924.6457940259334,83
751434,-4094.665014227095,-834.8283783297144,83
751634,-4185.626549244922,-765.1433788879359,84
751874,-4304.02506111165,-690.9625701315977,85
751934,-4334.575897711523,-674.3298799388529,85
752154,-4456.640154508077,-624.0773455479894,85
752394,-4599.56818126069,-583.7092991671673,86
752674,-4852.203736489081,-544.4629460315888,88
753034,-5018.929924425962,-537.2256636662198,89
753254,-5165.483317188576,-539.8908221543535,89
753474,-5313.598128037542,-546.7466814859755,88
753753,-5504.894209780134,-554.2172309926414,88
753893,-5602.612923402396,-556.4651206719578,87
754113,-5755.5017227718,-558.2015040922456,87
754274,-5882.85147434782,-557.9995795371898,89
754574,-6140.960969300172,-553.9389619189833,88
754894,-6315.534626588637,-548.550253267575,90
755914,-7078.637052791894,-498.55338213844647,88
756234,-7323.286049065761,-473.7366816690246,87
756394,-7445.90219104117,-459.54930252182254,87
756634,-7626.218990837744,-436.2715940623884,87
756854,-7795.910972500927,-412.6573746337885,86
756994,-7903.563529474786,-395.4548464187277,86
757174,-8042.843764141035,-372.19509080275486,85
757454,-8259.414164125765,-333.50062284603047,85
757614,-8381.684818710277,-309.4197792670573,83
757774,-8503.955473294789,-285.33893568808327,84
757974,-8657.073096528513,-253.1055142864541,83
758294,-8899.272278568009,-198.65777586327374,82
758514,-9057.895244023792,-161.98687691037298,82
758774,-9301.359712100299,-103.24972696059163,84
759114,-9426.94164780201,-72.68541075015816,85
759354,-9548.283527318676,-42.269160564395285,86
759514,-9677.957453180761,-7.316722144247705,89
760014,-9798.95384530653,32.992992473287615,87
760214,-9864.443640715992,62.166382698402586,88
760433,-9928.955305716052,99.08853159198814,88
760593,-9969.686762375306,128.10487937070323,87
760774,-10015.676784548834,168.62546500909698,86
760994,-10054.50133573084,211.7259780630715,86
761174,-10087.573767983005,257.4557738741824,86
761414,-10126.963653998499,345.150909883465,87
761854,-10136.278303986222,443.11640021351036,88
762194,-10120.507080676305,509.7817473986011,89
762414,-10094.555237307006,564.0634369977225,89
762574,-10070.559654756513,602.8476092599027,89
762814,-10026.768166920745,661.4590893054515,88
762974,-9996.387822421906,700.7278385614671,88
763334,-9919.537351988605,794.269300994874,87
763534,-9802.31436194158,929.5607294167633,86
763934,-9727.124020277744,1016.0847868833179,86
764194,-9661.777787704124,1104.367683802451,86
764294,-9639.294267898425,1140.3745072828242,85
764454,-9606.809596556112,1199.3808300608264,85
764694,-9568.267697812886,1290.0148305312189,84
765014,-9537.052785740485,1454.4886255999536,85
765454,-9557.104414199346,1629.9506790364383,86
765854,-9626.049053561848,1783.0638290372613,88
766174,-9668.52139683022,1843.2726328560855,89
766334,-9712.653868868056,1896.4640317080587,90
766714,-9868.158471384037,2042.6943931120668,91
767013,-9952.735244453517,2112.8639695476813,90
767273,-10058.068100374214,2196.494044661781,90
767574,-10222.69443470052,2324.6469613132676,92
767934,-10358.380705854863,2430.563134866839,93
768174,-10459.473505590513,2514.045143956269,94
768334,-10575.956135558261,2622.8284005530295,94
768714,-10685.65916084521,2743.4030506370796,95
768994,-10792.477150245508,2885.81062466486,94
769134,-10839.328639301862,2962.445720888472,94
769294,-10883.591224520906,3052.4336286857247,94
769514,-10931.443270063028,3181.461461874672,95
769754,-10961.693471424733,3328.2706077668004,96
769994,-10971.227968855048,3480.724185483925,97
770174,-10965.718123444163,3597.983051261947,98
770434,-10945.61260649899,3768.5050973098623,99
770594,-10929.872785687166,3874.7936575635968,98
770874,-10897.235545131352,4059.7363798559377,97
771054,-10873.253412235492,4179.1803303170855,96
771314,-10833.84554342061,4355.396163531554,95
771354,-10827.254383684307,4382.052431337279,94
771574,-10786.6395605957,4532.0472183983,94
771934,-10708.698769459324,4778.378769517997,93
772134,-10657.952681652896,4914.576546931368,92
772234,-10590.672614336834,5078.498456821249,92
772594,-10525.29945249802,5228.33620143587,92
772894,-10411.432595720922,5490.3940937568295,90
773354,-10298.247737303887,5753.183339779409,90
773533,-10246.581850851342,5875.198241234406,90
773753,-10142.27194753685,6126.976802812873,90
774134,-10047.222865635624,6376.956146018934,88
774534,-9987.830646590974,6558.134412698335,90
774734,-9937.403116910247,6745.993573375422,90
775174,-9886.787142285026,6918.987859734073,88
775354,-9846.446025169396,7000.361038791199,88
775634,-9722.838273174026,7136.137044206924,87
776034,-9574.35104566897,7214.4412156658045,89
776214,-9478.619995363608,7240.814801076823,90
776394,-9377.630379543973,7255.684148628161,90
776574,-9273.280127265582,7265.483375609721,89
776874,-9015.390479755819,7315.910845378594,88
777174,-8879.829818593857,7368.487524099595,88
777474,-8712.623526896043,7456.043540550012,89
777634,-8581.145879472724,7533.526624045891,90
778074,-8335.931518409441,7686.989704714587,92
778354,-8220.929518732468,7758.6802903608,92
778594,-8077.314990430962,7839.277233607652,92
778874,-7902.359940064678,7925.855119648666,92
779054,-7785.320921729246,7974.83336162486,92
779314,-7610.522913809363,8036.652908915667,93
779574,-7430.762472424545,8078.488105976702,92
779774,-7286.492875028171,8096.798847826448,92
779954,-7096.026857670311,8100.760694849688,91
780333,-6759.855464778032,8062.84243274731,90
780794,-6440.029606450888,7982.335163849988,90
781074,-6311.432521681319,7936.807262638005,90
781414,-6089.186287373497,7837.773877681248,91
781534,-6008.593817359548,7795.337410143875,92
781854,-5729.257142172703,7629.216906004382,93
782234,-5498.459014076871,7471.15924542616,94
782534,-5358.335265371258,7370.748414094645,95
782894,-5077.562812046368,7144.437058979789,95
783214,-4952.994912440983,7024.050853840235,94
783434,-4833.694554771603,6894.650603995198,93
783694,-4660.624013762129,6684.128425033721,92
784094,-4428.1792365073925,6390.873543527896,92
784474,-4316.201392275934,6234.135027517072,93
784614,-4257.271354104681,6138.682156417588,93
784954,-4139.438207027368,5886.221566523133,93
785154,-4075.415622209973,5733.987836248599,92
785314,-4023.027388433467,5613.292049405072,92
785514,-3921.1673592652,5389.690764842931,91
785914,-3816.5299813151264,5164.577417535994,91
786114,-3747.535986611068,5012.877619596852,90
786354,-3631.865498140517,4718.747821553567,88
786773,-3558.32186554744,4494.7202917608765,89
786953,-3508.7693123160284,4353.604933035301,90
787174,-3425.8975501246673,4173.826538807021,91
787394,-3332.4413487197407,4013.4895860513893,92
787554,-3257.143349906988,3900.4842261130457,92
787814,-3131.812694101889,3741.1568062649108,93
788074,-2920.8777794763505,3520.8219207113134,92
788354,-2813.3104835309714,3420.1329101739207,91
788634,-2634.8557370589183,3262.4880451716144,90
788934,-2371.1825980771478,3053.0471805355555,90
789254,-2214.928689016086,2948.535382621935,90
789494,-2038.8384957499247,2844.7459619882025,91
790434,-1301.3918108225528,2526.0731095366173,92
790734,-1008.7651290582578,2436.6101276971,91
791114,-743.2703156717924,2380.6413501073935,91
791374,-404.954217016212,2343.3557310235224,90
791734,-219.17245391740755,2334.7454755162976,90
791994,-1.4175257353172808,2329.9714570399333,91
792214,181.88302063102066,2331.3533766475934,92
792374,414.89766586400026,2338.074619609178,93
792714,597.0316368764397,2346.5726548668035,93
792934,775.7556160885667,2358.7274586325248,93
793273,1108.1087247934474,2393.8189267437583,92
793654,1283.283622602323,2425.9087253976927,91
793894,1414.89138320685,2466.5952999482924,90
794094,1567.9147989462904,2553.231517752594,89
794454,1660.7473637103685,2638.4319574188494,89
794674,1744.7139497936341,2733.1399952061543,89
794794,1788.9900146232374,2785.3667133033573,89
795094,1896.1714742138206,2916.7635729310978,89
795274,1961.9035730981639,2995.835003778522,90
795494,2047.3328665846675,3091.907038285952,91
795754,2143.436333546119,3189.7289358242297,92
795854,2185.854848240031,3229.2848407078545,92
796074,2286.337460989466,3310.680445841344,91
796354,2424.347936385801,3392.8881625161043,92
796554,2534.6567053819895,3431.488363066691,94
796734,2642.277859857754,3453.9090479202728,95
796994,2805.603032416053,3470.8468166281623,95
797174,3008.986639695274,3480.0178738241193,94
797434,3086.23642609393,3483.6880919868477,94
797694,3255.551517868121,3489.80362119512,94
797954,3427.8413797903454,3500.0604959053235,93
798234,3617.872175495926,3511.820456938591,92
798454,3852.497594156814,3524.145752805346,91
798794,4006.9478116125692,3530.072837069122,91
799074,4308.830841557228,3543.5871343661393,92
799434,4469.66582096133,3549.998795623751,92
799714,4661.446479697757,3551.084583182071,93
799793,4720.856621629943,3550.425010898373,94
800113,5064.440262221528,3522.153436519984,94
800574,5319.606389523943,3474.328260331202,96
800734,5514.532310509438,3423.6539539426926,96
801034,5647.517517488724,3382.2180428910856,97
801354,5983.989515663245,3251.6018323946673,99
801734,6242.242573451439,3130.084927632213,100
802234,6511.210183634406,2991.212955397123,99
802394,6723.800753796508,2879.073535574509,99
802774,6893.219029486715,2786.837708142014,97
802954,7019.56372138814,2717.3321772229992,97
803294,7298.563885605818,2561.836491216897,95
803554,7438.063967714657,2484.0886482138453,94
803894,7674.03990348511,2352.7366107829057,94
803954,7716.382133572273,2329.3243159093613,93
804154,7854.518218960987,2253.039180309548,93
804414,8027.929774128455,2153.588526543974,94
804614,8146.3776413367395,2080.821069849318,94
804814,8250.158055592814,2013.518576456892,94
805034,8348.818993937555,1941.4420945440288,95
805314,8513.010106611584,1821.0872919025703,96
805674,8586.822971944734,1766.8594308779075,97
805914,8641.925749506858,1723.8980074268716,97
806174,8706.379082743628,1665.0442239064419,98
806333,8740.429645405196,1627.0631867638017,98
806653,8806.516178146241,1513.671960514735,97
807034,8819.39786238068,1436.8080404268012,97
807254,8808.647404298981,1372.0899776387844,97
807494,8783.714070258911,1306.452116204653,97
807694,8753.324749338342,1246.6650843834752,97
807934,8689.185471038445,1132.161141310896,97
808274,8651.581323784796,1068.3808300124556,96
808534,8599.053970449424,982.480439142676,96
808734,8531.554055690773,873.0466166398745,96
809114,8464.05414093212,763.6127941370722,95
809354,8399.775773029285,665.3870774446109,95
809594,8331.109282916734,563.0693705917739,94
809834,8247.51958672246,438.63158416759785,93
810134,8167.537303694726,316.1904374820521,93
810414,8055.900413709409,138.25167050192942,91
810834,7944.460945090318,-34.03368823146613,89
811054,7873.254906482014,-148.29085459626197,88
811174,7836.332757588428,-212.8025195963211,88
811474,7721.335231144355,-385.6711660066657,86
811754,7604.309662463557,-515.3091861818283,85
811994,7508.215171923836,-592.6128011549429,85
812234,7394.339368680934,-652.3145719476412,84
812574,7212.434221532817,-694.782412027183,83
812754,7112.422736122584,-701.90300091005,83
812854,7057.2526503754425,-701.3914946510217,83
813153,6891.6033035310775,-683.5787494938181,83
813353,6702.667301761475,-643.7266826049269,83
813794,6522.754321119086,-588.6238750868766,83
814034,6398.397292534561,-543.2440398995647,83
814254,6271.994268869848,-495.67014360739506,83
814474,6098.178894548196,-428.0445889004365,85
814894,5901.4133762704705,-349.00453059518094,86
815074,5800.302623691358,-306.5590866360762,86
815234,5716.537962163148,-273.917372847361,87
815394,5641.737989998864,-247.95655305633144,87
815674,5516.254764980266,-214.56553272253487,88
815894,5373.129316861426,-179.85089458843947,88
816254,5297.786435940018,-169.4369474759081,88
816494,5206.452484266102,-171.20026016138874,87
816934,5088.731467570609,-219.4471484359636,86
817274,5043.288827387107,-264.55775088320155,86
817494,5011.198998777246,-312.2572571677509,86
817674,4983.093473222916,-387.689872350541,87
818074,4971.661016781156,-451.6765814369383,87
818374,4969.76756095854,-546.4205249111667,87
818634,4974.17810924462,-602.4700303845979,86
818974,4998.487746731988,-737.0435847154272,85
819374,5021.787851311859,-839.7426846460841,85
819613,5039.147392017395,-930.2061930154421,85
819813,5047.008311023612,-1009.0173975004495,85
819994,5044.728988890275,-1094.549874902969,84
820174,5034.216331094631,-1172.7194599477398,84
820434,4993.404086639798,-1328.3676552554882,83
820794,4953.251414468664,-1424.60570863105,82
820974,4915.548556531902,-1491.2127240528532,81
821154,4870.927004311402,-1553.3329065818282,81
821434,4749.571645184176,-1665.1312822905213,81
821734,4672.837838277451,-1714.8094754702395,81
821954,4582.019866095466,-1762.580763172709,82
822154,4494.423440769297,-1799.143945064839,83
822354,4405.66044008923,-1828.5910113070036,84
822574,4295.212581490102,-1850.9129854774724,85
822934,4099.429666854682,-1865.3022292678768,86
823134,3986.8954342555407,-1866.3252118300072,85
823294,3894.928839563119,-1865.9438187521869,85
823394,3835.5186976309324,-1865.2842464684882,85
823754,3543.4887531982195,-1860.0391006529212,84
824014,3454.3982179707177,-1858.3430661965326,85
824194,3339.185347272883,-1855.0272818905048,85
824414,3196.3874337014777,-1851.4557444549625,86
824734,2982.1905633443703,-1846.0984383016491,86
824954,2748.206764123719,-1840.0501573665424,87
825334,2566.5169911852895,-1835.8280240690326,88
825534,2353.733472889863,-1830.520073257276,88
825854,2193.975334578278,-1826.3562717230539,88
826233,1855.3541274516265,-1818.069047574435,89
826614,1615.7169199842485,-1811.8233452731017,90
826774,1494.1192873380685,-1808.9921379609095,90
827034,1294.0559375977773,-1804.128385223163,91
827194,1093.261234155867,-1799.946630845479,90
827654,826.5729161503106,-1798.4165853012953,88
827874,551.453841116221,-1795.1770556460901,87
828134,471.5254166188717,-1794.5085069406607,87
828514,169.50329707127366,-1791.7445778575604,85
828734,-73.10868054413756,-1789.6402210581587,84
829034,-252.75245840237963,-1787.6121488655062,83
829334,-499.60449220283573,-1785.3597260414347,82
829554,-763.416750743472,-1782.5150391186828,80
829934,-1097.263969349686,-1779.347290881398,79
830354,-1348.3560593351872,-1776.9468020326565,77
830534,-1564.7963461387094,-1775.0488430212124,76
831014,-1990.610159437345,-1771.4997017061073,75
831414,-2253.740419617919,-1769.3863684849746,76
831594,-2492.112341048285,-1767.430077710243,76
831894,-2625.115500871032,-1767.030731788961,77
832094,-2760.945364817142,-1766.5326751845655,78
832434,-2958.18201043407,-1761.7676331299322,79
832594,-3040.7890730301124,-1756.760317556344,81
832753,-3121.152719179741,-1748.2936548408875,81
832973,-3224.5652199685555,-1731.2391926504959,81
833134,-3303.852025025668,-1712.197067143205,81
833514,-3480.148616079787,-1634.5793373213614,80
833854,-3555.0787014252796,-1571.8220085850523,81
834134,-3629.6543229581443,-1478.6529328518084,83
834254,-3686.053789055374,-1391.778884805528,83
834594,-3733.3898551055645,-1308.75902663357,82
834834,-3785.885775986915,-1211.4082264785688,82
835114,-3855.332945186715,-1092.946879659725,82
835374,-3933.7537801721714,-988.3229214083582,82
835594,-4015.010295702722,-904.11853503904,83
835774,-4117.368381475384,-816.3471144230085,83
836094,-4237.467401031402,-730.0787801300417,84
836334,-4361.034744151021,-662.0853119558225,85
836494,-4449.622749541225,-625.7374743174545,85
836674,-4556.050399397898,-593.7194271255141,86
837034,-4780.320202709542,-552.6334766977055,87
837254,-5036.621502867761,-537.3153979276022,89
837534,-5130.050804963421,-538.2980015699068,89
837834,-5332.02106018096,-547.5184141074205,88
837934,-5400.059380507907,-550.8027659594268,88
838174,-5565.816414457116,-556.3350074907495,88
838454,-5762.568483080208,-557.9547273844619,87
838654,-6005.180460695619,-555.8503705850602,89
839034,-6179.121474965577,-552.6063676969529,89
839313,-6429.966788243296,-543.139118539803,90
839734,-6821.119821938221,-519.574224496833,90
840074,-6974.246421593677,-507.85908566036653,89
840354,-7252.084513646286,-481.1758586335223,87
840674,-7422.655915035758,-462.4836937500299,88
840914,-7588.888549557071,-441.1128907678445,86
841054,-7698.053169275726,-426.6877113345898,86
841334,-7917.647694750046,-393.5479409414785,86
841574,-8215.115673219796,-341.41540038263383,85
841934,-8386.606873255385,-308.54035954076755,83
842114,-8525.739041896963,-281.04054773975025,84
842334,-8696.400177547817,-244.65680441445872,84
842654,-8942.108062070738,-189.37900160654604,83
842834,-9154.725561498033,-138.7944294794198,83
843274,-9410.080133744943,-76.1043789722023,85
843634,-9615.581517522272,-24.353231491177066,88
844054,-9727.662575625673,7.862237066989902,88
844254,-9798.95384530653,32.992992473287615,87
844414,-9854.016243948829,56.849485420841226,87
844714,-9944.156691003654,109.52490478088369,87
844954,-10004.715455446278,158.33715784487205,86
845134,-10043.638717311396,198.61096677548298,87
845194,-10055.183334090902,212.45733176469065,86
845554,-10110.851446486511,300.01337817103376,86
845734,-10127.64565235856,345.88226358508416,87
845893,-10137.848698494305,418.40741680485934,88
846314,-10125.240690276916,495.7962928064539,89
846574,-10094.50588196545,565.4767890594043,89
846814,-10053.442387569932,627.0136839114297,89
847234,-9974.931788367167,727.572551311688,88
847514,-9924.706183241497,788.0819604127549,87
847714,-9847.905068149752,880.21007078448,86
847994,-9775.788207317064,959.7660786257397,86
848154,-9733.755558933874,1008.5334495810735,86
848334,-9687.088011633186,1068.4595710051908,86
848594,-9604.516824768141,1204.253529264378,85
848994,-9561.923314784366,1309.6043380285348,84
849274,-9539.749376682641,1417.7908273377873,84
849494,-9536.78805618924,1502.591951038687,85
849674,-9542.89911216461,1570.7289820487472,85
849914,-9584.267685075272,1703.0680963548937,87
850254,-9657.02613539227,1828.0129158051964,88
850634,-9722.883844268992,1907.4343372323463,90
850954,-9830.401784872816,2009.536699831421,91
851154,-9905.282514876752,2073.707380629412,91
852074,-10350.147370192555,2423.200242509091,93
852314,-10405.200792413123,2467.575018021808,93
852533,-10504.781529403977,2553.834375893044,94
852854,-10684.295164125086,2741.9403432338413,95
853214,-10790.43115516532,2883.6165635600023,94
853474,-10865.18624522095,3012.1687961768444,94
853714,-10921.271626425378,3148.55952172354,94
853874,-10962.375469784796,3329.0019614684193,96
854334,-10970.13317491907,3532.3362134060844,98
854474,-10963.465730576017,3621.9606809689785,98
854734,-10942.67821527078,3791.7513733152746,99
854874,-10928.163301576144,3883.2244145921295,99
855114,-10885.219801012643,4120.165031117353,96
855474,-10852.255025909395,4273.96465271114,95
855814,-10795.375426095305,4504.7583075740695,95
856014,-10741.784681322051,4681.893939434653,93
856334,-10679.031825818643,4858.002085544275,92
856494,-10636.290249810198,4967.592950493478,92
856794,-10509.101983957555,5266.68515204577,91
857274,-10407.5784058466,5499.457493803869,90
857434,-10367.475089017023,5594.282195117748,91
857594,-10319.762103121915,5704.406992402344,90
857794,-10253.509521556813,5859.166791562072,90
858054,-10179.400494218395,6036.293447000924,89
858274,-10121.291514054217,6180.724560076601,89
858454,-10076.98851995942,6294.506125869292,88
858754,-9997.347221133754,6528.75015145236,89
859033,-9969.914717517755,6625.432402901932,89
859353,-9927.442344293457,6788.098003176532,89
859574,-9892.35081627037,6901.4937026585,88
859794,-9815.186260944267,7044.551842592322,87
860114,-9765.158077184824,7099.407843446662,87
860294,-9701.095083491677,7150.943586762071,87
860614,-9502.89375711998,7234.587081574878,90
860894,-9436.654655165437,7247.1322548401495,90
861214,-9278.251537152246,7264.949443274329,89
861414,-9180.187336139088,7277.090797385416,88
861554,-9111.803528421244,7290.268613669195,88
861734,-9025.382654870704,7313.429628646127,88
862034,-8840.9289828051,7388.355210802791,88
862354,-8745.090245394895,7438.073782902335,89
862634,-8581.145879472724,7533.526624045891,90
862954,-8484.23030097,7593.820658937269,91
863194,-8374.249066521248,7663.5639601864095,91
863354,-8299.027322359318,7710.4648045843205,91
863734,-8077.314990430962,7839.277233607652,92
864094,-7856.3923439675145,7945.476029644078,92
864534,-7654.879736478618,8022.636051825425,93
864594,-7618.419738502504,8033.390983140024,92
864894,-7336.206973894813,8091.459524472523,92
865234,-7200.713620917868,8101.586286001519,92
865553,-6939.3422001898725,8089.6288436901705,91
865633,-6883.6875374488955,8082.732575482796,91
866454,-6317.036574586488,7938.418036065914,90
866594,-6242.3846684468745,7908.217160089839,90
866854,-6090.599639435179,7837.823233022806,91
867074,-5970.442288115873,7773.486533356682,92
867254,-5877.4751369376845,7720.712403313527,92
867474,-5768.723312794946,7653.943842256494,93
867754,-5640.094825527281,7568.792727975868,93
868014,-5482.575630429208,7459.991518535646,94
868294,-5407.349413034375,7405.714302169426,94
868554,-5303.183132467578,7329.200342705291,95
868714,-5242.575012683398,7281.801441702984,95
869034,-5126.330183001703,7186.469707362978,95
869234,-5012.526191132648,7082.025217634376,94
869594,-4943.496290741665,7012.398549955885,94
869714,-4907.301022316796,6975.05015583175,94
869974,-4833.793265454717,6891.823899871835,93
870274,-4751.5675959364935,6794.849989605826,93
870434,-4709.481118978846,6743.85265185871,92
870614,-4662.670008842317,6686.322486138579,92
870774,-4622.678882306413,6636.10585743464,92
870994,-4566.369150470566,6566.923387830158,92
871294,-4492.52488263932,6473.072313736852,92
871454,-4453.265109805035,6422.17368667285,92
871614,-4413.323338610688,6370.543705907229,92
871954,-4300.811562043837,6208.833780009741,93
872253,-4264.674625382256,6149.5537512587625,93
872413,-4230.781105167088,6086.814375365914,93
872774,-4157.210543308818,5924.341693268712,93
872894,-4134.327707537765,5870.477272478408,93
873154,-4071.521053415825,5723.946305792158,92
873414,-4034.859160840582,5639.176584589352,92
873674,-3977.6475832020815,5514.774673896172,92
873834,-3942.2016213222932,5435.70771628165,91
874094,-3881.629407225037,5306.235685018693,91
874394,-3810.589417440791,5152.341825974695,91
874574,-3767.8882503080986,5058.163217333954,90
874674,-3744.2740608354256,5004.980794903711,90
874974,-3651.8229191050946,4775.3402357841205,88
875334,-3604.9983593139323,4637.150291865021,88
875654,-3544.2062977740857,4453.190173214985,89
875714,-3532.621302074754,4420.238877722297,89
875974,-3477.316629913502,4281.752801753857,90
876254,-3407.92779247699,4141.359820308169,91
876474,-3318.3168045246553,3992.47775007066,92
876774,-3259.7726326641246,3906.2363450428857,92
877034,-3179.256447256924,3800.8316777483424,93
877274,-3103.168762979264,3710.4399507969056,93
877594,-2999.505012249764,3599.2741881507914,92
877654,-2979.6777044663954,3579.478282865517,92
877934,-2895.495774129368,3498.001889936449,92
878214,-2768.0024597175066,3380.3436782371455,91
878614,-2676.7044137305143,3300.0338606619757,90
878793,-2619.021708752811,3249.906966219419,90
878993,-2553.0069574296876,3195.243883542477,90
879194,-2480.073511822826,3136.093967972706,89
879394,-2412.5466977549077,3084.208234077571,90
879614,-2335.225129938331,3029.1503086681755,90
879794,-2277.1475822281745,2990.330230719072,90
880094,-2149.053027295902,2910.1505263251106,89
880394,-2047.121186753788,2850.6955022842694,90
880614,-1958.9280240960372,2803.040848152448,91
880774,-1892.8549410096264,2770.30940010235,91
881114,-1705.547665511394,2683.8167151779635,91
881374,-1635.8178139168872,2654.4952589281784,92
881654,-1509.5628562768447,2602.6813064509633,92
881874,-1406.8906856113806,2564.426563335347,92
882094,-1301.3918108225528,2526.0731095366173,92
882334,-1120.1641888015952,2468.0942425536477,91
882694,-995.4123174846169,2434.0212238597887,91
882954,-854.3328644459642,2401.5006468305505,92
883234,-686.2023008691333,2373.6957265584624,90
883614,-477.61845983892636,2349.430911267895,90
883814,-358.31359898071696,2341.727004752152,90
884034,-229.06591834917916,2335.090962907194,90
884274,-56.58761148245892,2330.4829632989617,91
884614,131.63498942898642,2330.9854631803328,92
884834,270.3902681815732,2333.2154000161872,92
885014,384.4365635255092,2337.0157313601244,93
885213,511.9837364677563,2342.4672150517954,93
885453,750.2165682951833,2356.7891506571814,93
885854,912.0296781086869,2370.949570583264,93
885994,988.0141784703313,2378.9092002725947,93
886214,1103.1373149067833,2393.284994408366,92
886474,1219.1398710695244,2412.5828430892448,92
886654,1302.5859744720303,2431.602512564245,91
886834,1379.0640282492413,2453.6956628703924,90
887154,1551.2910851752763,2543.198963717883,89
887514,1660.1147206918629,2640.5766631821502,89
888014,1769.1447539964065,2764.1260534583066,89
888194,1850.3833466394221,2861.759506052088,89
888614,1953.8093270387963,2986.919669756153,90
888914,2016.4185897504353,3057.6096989166003,91
889234,2153.6752853687876,3199.2769128651044,92
889574,2217.2043467265416,3255.784066067178,92
889774,2283.4120461829893,3307.952452401094,92
890074,2389.005158422028,3373.6037634898585,92
890154,2419.2284604744664,3388.114173995667,92
890374,2506.726175117522,3421.850651764433,94
890634,2685.60719677605,3458.763794280362,95
891114,2848.8336586512355,3472.874858864888,95
891274,2927.496797111573,3476.49572168606,94
891434,3008.986639695274,3480.0178738241193,94
891674,3132.9757548125385,3484.886069838841,94
891853,3227.9171196529937,3488.6460222629526,94
892113,3367.5518181318694,3495.7980136439146,93
892414,3590.1884219392414,3509.249505944742,92
892794,3761.746930159847,3518.824382294883,92
892954,3841.8727760234233,3523.80924183618,92
893194,3983.5534695824863,3528.7671721122847,91
893374,4176.312258728317,3537.601718339076,91
893854,4434.964662437794,3549.087973399367,92
894114,4548.230248738554,3550.79295432156,92
894474,4819.741910606104,3545.5567849277245,94
894754,4938.9974161227565,3536.4395263502997,94
894954,5055.278151491376,3523.1809222709435,94
895214,5202.307144826095,3498.9430362455687,95
895474,5342.753954846242,3468.5671649796313,96
895694,5490.702746827076,3430.1464029958834,96
896014,5623.0059554463,3389.4418456458952,97
896334,5785.178002305332,3332.835951804781,98
896514,5877.324065520519,3297.0714018433623,99
896714,5979.116816459695,3253.894604182639,99
896874,6060.588706199934,3216.380191190373,100
897214,6281.125456396732,3108.9160492050823,100
897634,6484.800692536465,3004.870875441836,99
897874,6537.619674732348,2977.555035352412,99
898214,6678.631819585982,2902.584541131167,98
898314,6719.6100529530195,2880.634953660861,99
898553,6814.771265236065,2829.906818697893,98
898753,6890.441680704907,2788.3497708868085,97
899054,7009.867678322595,2723.3310728606234,97
899254,7126.466971816918,2658.411085517551,96
899514,7170.173198624206,2633.536083240768,96
899834,7286.090493758466,2569.347449599315,95
899954,7329.796720565753,2544.472447322532,96
