date,x_rotated,y_rotated,z
600394,-9274.693479327263,7265.532730951278,89
600774,-9085.434416243128,7295.715624127964,88
600914,-9008.956362465917,7317.808774434111,88
601074,-8920.7766494628,7350.813898501258,88
601334,-8779.701669657048,7419.471382236151,88
601634,-8550.774511395615,7552.277090736745,91
601914,-8463.999174032448,7605.849852710611,91
602274,-8264.317187414052,7731.893909373867,91
602934,-7854.929636564276,7946.8400263642025,92
603254,-7550.520507778496,8052.953561372147,93
603634,-7297.849046863181,8095.780338497219,92
603974,-7153.292293839198,8102.052910151892,92
604214,-6954.157719166752,8090.853750807357,91
604334,-6866.094669690209,8079.995605620816,90
604514,-6735.2451920524945,8058.445334115865,90
604894,-6461.714464369949,7989.460255921684,90
605054,-6348.466830912651,7950.128671713552,90
605214,-6237.511969243324,7905.924388301869,90
605434,-6086.4089385916905,7836.261814936453,91
605634,-5952.364843363352,7764.364801546356,92
605834,-5821.344873624603,7686.913090592644,93
606054,-5679.46228546641,7596.346368351345,93
606334,-5501.918361218741,7473.402661872574,94
606414,-5450.80886313388,7437.656064754618,94
606634,-5312.829820191566,7336.612590404597,95
606854,-5177.825547397287,7231.427770552644,95
607054,-5060.414142361692,7128.979920562673,94
607354,-4892.9297014139265,6961.105080159429,94
607514,-4737.2456303751815,6779.491561871822,93
607954,-4526.3780239346615,6516.706759126219,92
608354,-4380.8835493770275,6326.958615859419,93
608514,-4307.434124278236,6221.800725272659,93
608814,-4193.091726840886,6011.206764893262,93
609094,-4064.3152035044777,5707.421302704257,92
609514,-3943.5162627008617,5438.583775746571,92
609794,-3860.595145167944,5260.218733579974,91
609974,-3798.757645033676,5126.457290790415,90
610234,-3718.7619423072347,4945.364255183567,89
610534,-3598.4745077626476,4621.35664247874,88
610814,-3557.639867187378,4493.988938059258,89
611014,-3502.1961054231865,4339.224635710701,90
611194,-3442.5033110522195,4204.8305499026355,91
611534,-3298.8843394737396,3961.3750282919323,92
611694,-3148.813297761895,3760.8540008670716,93
612114,-2989.275036848827,3588.3038826265038,92
612294,-2813.992481891034,3420.8642638755396,91
612694,-2636.9017321391057,3264.682106276472,90
612954,-2468.3808290186503,3126.487659168544,90
613234,-2250.2041587948406,2971.700900787696,90
613574,-2033.965796546374,2842.453190200232,91
613814,-1808.704413170694,2728.4562202419256,91
614154,-1589.8188153216288,2634.492955854946,91
614394,-1401.3359880477672,2561.402437845757,92
614554,-1274.8342536999412,2516.655245676951,92
614894,-1000.3343720297244,2434.900643586078,91
615074,-853.6508660859017,2400.7692931289316,92
615234,-721.4373917280617,2377.7563142207428,90
615474,-519.2383126462005,2353.0069219363395,90
615554,-452.2274780702129,2347.129163058193,90
615773,-277.85124214797514,2336.0870461600584,90
616154,100.49188873043286,2330.657928632898,92
616494,336.9658811052818,2335.1357551480687,93
616714,505.59897451941043,2341.98263805796,93
617394,1029.1988096253265,2383.131303614178,92
617654,1196.328816716391,2407.719120307425,92
617874,1324.7150304651013,2437.1975890476842,90
618074,1430.6850325931316,2473.1191514995776,89
618254,1517.1642379069588,2518.211801103354,89
618614,1673.96108568107,2652.121279961656,89
618734,1720.3818562739748,2704.980641077365,89
618994,1814.8835262292487,2817.716768275635,89
619194,1936.0594168337093,2964.8983008679265,90
619594,2032.6564372107273,3076.85371902302,91
619754,2095.799632257759,3142.5723382968035,92
619994,2204.8206891405725,3245.6034460077976,92
620194,2291.4075815592437,3314.0410823001,92
620414,2464.5140582115673,3408.466437692698,93
620814,2615.2267493195754,3449.193391163123,94
621054,2752.3802310659853,3466.33755765897,95
621334,2994.121765376838,3479.8294288796233,94
621594,3080.5336625056466,3482.472161291393,94
621854,3243.5133476730484,3489.5164655675107,94
622054,3371.109875956852,3496.3813013208633,93
622293,3527.8035098590217,3505.7677327265087,92
622493,3661.1028017311082,3513.8484991753166,92
622754,3850.352888393513,3523.5131097868402,91
622874,3932.5740846788335,3527.7172602849614,91
623214,4239.379169168599,3540.3521378556898,91
623574,4410.156968346029,3547.8316637840867,92
623834,4559.586420573564,3551.8114636507885,93
624054,4807.071097392525,3547.4143350634163,94
624374,4953.130936739573,3535.9459729347323,94
624694,5188.9543332524545,3501.53194008288,95
624874,5321.701739945687,3473.547551288026,96
625154,5630.023360413151,3387.78171687643,97
625494,5861.974614208248,3303.2677188472126,99
625874,6046.7019622909,3223.9405049143475,100
626094,6201.896983102907,3149.8898093392177,100
626254,6313.139000399844,3093.6473557324616,100
626614,6575.820559317579,2957.117510626901,99
627014,6879.332285577681,2794.398021865988,97
627294,7030.673116515366,2711.2839262438197,97
627474,7154.922457995047,2642.559104367982,96
627814,7387.389691282075,2512.0371313217747,95
627994,7510.225680700074,2443.3616647874933,94
628973,8140.872299114683,2085.2585474005896,94
629173,8239.098015807145,2020.9801794977536,94
629394,8395.00643747731,1906.5749171523614,95
629834,8492.985377461988,1835.2297889411172,96
629954,8531.621483699497,1806.9941502055788,96
630314,8654.982429031159,1712.828991219471,97
630674,8726.15703518544,1643.834966559486,98
630874,8765.416808019727,1592.9363394954835,98
631094,8812.25932065435,1495.782960706709,97
631434,8818.765219362173,1438.9527461901023,97
631654,8809.428113342157,1374.1853280605287,97
631934,8777.567108596619,1292.5160169540634,98
632054,8759.37300031752,1257.7744795107012,97
632394,8704.256743144839,1158.5212770672806,97
632614,8645.582428147172,1058.6847869469104,96
632914,8605.052866087048,992.1764822082204,96
633174,8548.038679858848,899.3573970547025,96
633414,8465.615559018472,767.8034949805609,95
633854,8375.829545820347,628.0162572441125,95
633914,8358.66292329221,602.4368305309036,94
634114,8299.750808008492,516.0518626672878,94
634434,8159.344346952244,304.44839933631994,92
634874,8067.898204984655,157.64375663302,91
635034,8017.712978778811,78.02941702847218,90
635294,7931.78115545501,-52.69442066093707,89
635493,7868.768073589185,-155.20954888000026,88
635753,7761.469950472027,-330.4696777614295,86
636094,7662.284026257698,-455.7779074901643,86
636334,7567.791332724155,-547.9957521232715,85
636534,7490.860104451203,-603.3273535497165,85
636734,7327.072780975433,-674.0218559430656,83
637134,7114.567441885885,-701.2703578915443,83
637534,6971.868238997593,-694.8721163326388,83
637734,6860.657624198751,-678.2528757945266,83
638054,6678.8377380791135,-637.2342335517368,83
638194,6599.698999046671,-613.9520518594006,83
638454,6450.781053078164,-562.7617659789607,83
638694,6311.074573181369,-511.18561378779845,83
638874,6205.674409075654,-470.00545586570536,84
639114,6047.2084860662735,-408.57621816259706,85
639154,6023.526988408582,-397.8437129243621,85
639434,5860.287076878763,-331.2949993099196,86
639614,5758.444970598031,-289.53155371087746,87
640114,5458.751528525328,-199.8217951635766,88
640554,5318.255363163625,-170.85927595932097,88
640994,5202.212428081058,-171.05219413671858,87
641174,5152.251552506633,-183.4582777990521,86
641354,5108.329951489656,-205.2732488993208,86
641514,5073.422395178163,-232.3557619355943,86
641674,5044.020181088726,-263.87575252313894,86
641894,5011.198998777246,-312.2572571677509,86
642233,4981.482699795008,-393.29392525571063,87
642414,4972.639147190559,-443.9278227684673,87
642574,4969.013781180558,-486.96102763742346,87
642814,4970.252137952377,-552.8052868595125,87
642994,4973.594821567671,-598.9119725596152,86
643254,4989.294233503741,-696.3928858958246,86
643574,5008.897190655691,-783.3970471233131,85
643794,5026.7009294352365,-861.140386937536,85
644054,5042.983629048256,-962.1793580987278,85
644154,5046.523734029777,-1002.6326355521037,85
644374,5044.679633548718,-1095.9632269646506,84
644634,5018.000909710702,-1252.1049756879659,83
644814,4993.354731298241,-1329.78100731717,83
645014,4958.568311746225,-1414.1783118638857,82
645214,4915.548556531902,-1491.2127240528532,81
645474,4846.644266133299,-1580.0789086489358,81
645734,4763.368654831827,-1655.000017572697,81
645894,4703.940560056179,-1695.3770104193236,81
646134,4608.685110322922,-1748.65364034385,82
646334,4481.505850847935,-1804.3531552375557,83
646774,4340.0539811531935,-1843.2808903355767,85
646934,4258.999360221771,-1854.601156483663,85
647214,4110.0544849880725,-1864.965718298711,86
647414,3999.6156028106757,-1866.769409904017,85
647654,3863.7857388645657,-1866.2713532996218,85
647814,3771.8684995137005,-1864.4766081601197,84
648014,3652.3662172892646,-1862.4261098911034,84
648174,3554.7955696916724,-1860.4339433853747,84
648334,3455.8115700323992,-1858.3924215380894,85
648693,3175.187152776253,-1850.7154143316125,86
649054,2977.950507159325,-1845.9503722769791,86
649234,2856.352874513145,-1843.1191649647872,87
649534,2609.6489067373586,-1836.6266859556704,87
649794,2483.811217906133,-1833.6474126188082,88
650114,2256.1628252922715,-1828.5279067515473,88
650314,2010.8722095781668,-1822.0847830839873,89
650614,1893.5146331170315,-1819.4016417964651,89
650814,1746.4766633605814,-1815.6820383362528,90
651134,1432.6137949841375,-1807.5518566340352,91
651414,1296.8826417211405,-1804.2270959062762,91
651814,898.0212282775699,-1798.7890019573847,89
652134,742.4044354679163,-1797.5999705711959,88
652414,523.137444541031,-1795.6033008766383,87
652614,365.4253013096332,-1793.6335604472736,86
652754,253.67177775366795,-1792.56119258766,86
652954,128.46673194094862,-1791.7266250140985,85
653274,-241.44564190892618,-1788.0069915979598,83
653614,-403.3978413253689,-1785.8891851439248,82
653834,-582.3596208235485,-1784.5924666528917,82
653994,-713.2180748829946,-1783.5604777131036,81
654294,-958.6567566217691,-1781.3574102305886,79
654354,-1007.442080420565,-1780.3613269777243,79
654654,-1254.2941142210211,-1778.1089041536527,78
654814,-1387.2479187022116,-1776.296206170689,76
655094,-1618.5530798241693,-1774.5866921037405,76
655333,-1880.951986303124,-1771.7913605225451,75
655694,-2153.2937125554067,-1770.063893612135,76
655974,-2493.5256931099666,-1767.3807223686865,76
656274,-2596.11710593578,-1767.335840260032,76
656534,-2770.838829248914,-1766.1871877936685,78
656694,-2868.4588321880624,-1765.6083733496216,78
656914,-2992.7844582744924,-1759.8517512309527,80
657074,-3072.515461405615,-1753.5297942787965,81
657314,-3246.3487885707295,-1726.9408047021634,81
657734,-3360.525197095874,-1693.9446271008208,80
657994,-3455.201832385084,-1649.6012540861982,80
658154,-3507.724682531627,-1613.805301626685,80
658354,-3567.3546719064043,-1558.6576419559071,81
658534,-3615.4804234215017,-1498.251416770856,82
658814,-3714.7380990978245,-1341.9570988340417,83
659094,-3746.0023365558554,-1284.9698418710343,82
659414,-3819.1960085251335,-1152.2269084107038,82
659614,-3871.4541291204314,-1068.3276305124566,82
659694,-3895.0772950148357,-1035.6634906473776,82
659914,-3970.5816916155463,-948.829821520923,83
660174,-4076.1029924807376,-850.3348720883872,83
660414,-4184.2131971832405,-765.1927342294924,84
660734,-4344.321296118624,-669.7443363629111,85
660934,-4539.238240682388,-598.5517474092392,86
661354,-4763.4093333109195,-554.6390928580674,87
661674,-4916.437222283263,-540.0972498982379,88
661893,-5060.697843257905,-537.8897091828206,89
662114,-5221.4834673204505,-542.8880183787509,89
662354,-5479.4045173283075,-553.69227507898,88
662734,-5632.342672039267,-556.8420105609491,88
663014,-5901.225051149681,-557.3579600969532,89
663354,-6073.070714997896,-554.894666252022,89
663514,-6189.01493939735,-552.2608803060565,89
663754,-6364.270595045877,-546.140817953029,90
663914,-6482.260814525518,-541.3129709022061,90
664194,-6690.557499928115,-529.0863258067113,90
664354,-6810.544359146387,-520.6510655893491,90
664614,-7098.374626313881,-496.44905529497146,89
665074,-7467.053116624838,-457.3956203367905,87
665354,-7555.116166101381,-446.53747515024963,87
665594,-7720.568091579519,-423.0713217463199,86
665774,-7859.947036928881,-402.638270253711,85
665994,-8030.172950927456,-374.0526409384466,85
666194,-8184.90134758909,-347.423272441988,85
666414,-8352.88384514125,-315.3782959848549,84
666674,-8551.713311342624,-275.18074170506674,84
666914,-8804.537311515513,-221.0695142510521,82
667314,-9104.19037466839,-150.46468620723124,82
667654,-9246.633824427168,-116.48140177475545,84
667934,-9407.9847833232,-76.88508801537803,85
668094,-9490.780290863737,-57.01289812335401,85
668293,-9585.465902574679,-33.18780767389477,87
668593,-9709.43706484848,2.980561441708339,88
668814,-9796.858494884787,32.21228343011097,87
668894,-9823.366696665842,43.04349935145993,87
669114,-9890.171133453872,75.09294904149502,88
669334,-9943.474692643591,108.79355107926452,87
669514,-9986.202789041476,141.417312024518,87
669814,-10047.73070747177,202.999088985198,87
669994,-10078.855855326863,243.70811956808873,86
670334,-10129.49422607252,353.72973293666786,87
670694,-10136.574436035564,434.63628784341967,88
671054,-10121.337145061038,506.2730449151749,89
671354,-10061.585988970855,616.6849978273793,89
671694,-10023.062043071093,666.2824331674453,88
671894,-9982.344036066472,717.9258635877002,88
672054,-9947.624924699474,759.8732509424088,88
672354,-9823.62232997165,906.9560728515869,86
672514,-9751.456113797405,987.9254327545283,87
672874,-9690.06278178122,1064.3182255032596,86
673074,-9643.049747089635,1134.1378113591486,85
673454,-9565.826860000245,1299.1275859198147,84
673714,-9546.152091474447,1376.2696852136264,84
673954,-9535.827878623299,1469.3041445768326,84
674114,-9538.677008823028,1529.5443508937522,85
674474,-9573.849264729839,1677.23291651217,87
674853,-9663.796763651339,1836.7398048830698,89
675294,-9764.58445491592,1949.220208907752,90
675474,-9855.783790219799,2032.3567306062848,92
675894,-9978.897958843676,2133.588649900801,90
676094,-10102.842191852285,2231.311866711892,90
676414,-10198.57771539055,2306.116342065005,91
676714,-10334.313341886447,2410.619163556895,93
676934,-10434.042144901974,2492.638465243086,93
677014,-10469.070837972946,2522.8707437172557,94
677314,-10601.239430222131,2648.475135451257,93
677534,-10691.797146085772,2749.985233951652,95
677794,-10789.116513786752,2880.740504095082,94
677994,-10853.255762130722,2989.110965115928,94
678154,-10895.373641586464,3079.7315159316863,94
678474,-10954.792729984456,3282.747209743647,95
678754,-10971.048500332283,3445.341028600327,97
678954,-10967.288517952245,3573.274067853296,98
679154,-10954.267714158941,3703.0063254786696,98
679434,-10928.113946234587,3884.6377666538115,99
679714,-10895.52606102033,4068.167136884471,97
679874,-10867.393606200807,4205.154599762748,95
680274,-10827.35309436742,4379.225727213915,94
680494,-10788.200978682053,4527.856517554812,94
680754,-10733.87888020718,4705.674147775458,94
680974,-10675.128280602763,4868.478837652997,93
681334,-10546.033109272872,5181.6552044805485,92
681814,-10378.256949596815,5569.187345398375,89
682134,-10325.128355741032,5692.5662435734985,90
682334,-10256.632357729515,5850.7853898750955,89
682514,-10210.283368554532,5962.372894562929,89
682834,-10119.730095967865,6184.91526092009,89
683034,-10037.024292732782,6405.60905356329,89
683334,-9999.738703604837,6521.050748125446,89
683574,-9959.420012565572,6662.565422816378,90
683874,-9915.386221254923,6829.421723934466,89
684054,-9885.225724198674,6923.178560577561,88
684274,-9833.71688019253,7020.435123282351,87
684494,-9703.971142956598,7149.628945383503,87
684854,-9603.744283336677,7203.439507643422,89
685094,-9478.619995363608,7240.814801076823,90
685314,-9354.186682172334,7258.40316564668,90
685474,-9261.192601728952,7267.1838832990115,89
685674,-9091.86853353303,7293.817695072446,88
685974,-8925.0660609894,7349.548612464247,88
686274,-8757.375192297752,7430.719866966317,89
686394,-8690.979047896808,7468.023378981797,89
686574,-8592.699472673961,7526.854706469937,90
686814,-8460.391760865909,7607.846492449242,91
687054,-8327.253984673125,7692.346980911973,92
687234,-8224.586287240563,7755.270298560488,92
687434,-8021.10844251113,7868.446120643939,92
687794,-7882.958877511856,7934.375610938582,92
688033,-7727.216444753897,7997.568131371244,93
688213,-7605.551503922698,8037.1868412510585,93
688514,-7383.0943686380915,8086.021490435484,92
688714,-7166.012462394332,8102.497108225903,92
689154,-6813.316066414152,8071.7846960348725,90
689474,-6681.833945757931,8048.089718766621,90
689634,-6565.364765444816,8019.966240368829,90
689894,-6379.897087238814,7961.839307361189,90
690134,-6211.735121163887,7894.411174020457,90
690414,-5939.8914515159995,7756.853843163937,92
690674,-5846.973655679369,7702.6663610591,92
690974,-5652.469506691519,7579.13039048165,94
691174,-5436.338831547897,7426.53769320566,94
691534,-5298.359788605584,7325.494218855639,95
691734,-5175.097553957036,7228.502355746167,95
691994,-5022.024812831965,7093.677521518726,95
692154,-4932.485606297551,7003.523594853341,94
692354,-4826.241928152472,6885.192361215705,93
692694,-4582.638400428952,6587.302580792381,92
693114,-4403.824716911369,6358.891402022879,92
693974,-4105.5043078923745,5804.377260126805,93
694134,-4053.798072475931,5684.412826984896,92
694354,-3981.0082196608373,5519.84479446595,91
694593,-3898.769100487982,5342.211106000972,91
694833,-3761.315043415257,5043.782920009354,90
695154,-3703.0849564475284,4908.024837481164,89
695434,-3622.8604298567657,4692.9619970524,88
695714,-3555.7419381318605,4487.5548207693555,88
695914,-3500.9801747277315,4333.521872122417,90
696114,-3392.6366729280057,4113.231868677474,91
696414,-3305.605612391251,3971.5152694314875,92
696574,-3228.064197132084,3861.9692566350127,93
696794,-3112.766095361696,3719.2655505578923,93
697114,-2822.2258175533407,3428.227156233288,91
697454,-2697.361785898616,3316.321063463824,91
697654,-2568.840985735795,3207.8249624946725,90
697914,-2344.921173003876,3035.149204305799,90
698354,-2090.1947705425696,2873.425798797751,90
698534,-1957.5640273759122,2801.5781407492095,91
698674,-1853.2407043627138,2749.8225200352827,91
698974,-1623.2950667279788,2648.3976526074416,91
699134,-1390.8592359390464,2557.498892629878,92
699554,-1171.2826633081877,2483.3225571064418,91
699674,-1076.745117621917,2455.2574104719374,91
699934,-869.7810264413494,2404.8702597110373,91
700194,-659.4966777218516,2368.5179188838406,90
700354,-529.1317770779722,2353.352409327236,90
700654,-300.4648751348819,2336.876731624965,90
700694,-277.85124214797514,2336.0870461600584,90
700974,-50.20284953411306,2330.9675402927974,91
701213,142.94180592243964,2330.5906204478792,92
701453,335.5525290436,2335.1851104896255,93
701614,480.059926726027,2340.0443300826164,93
701794,623.2526830298857,2347.7796091405276,93
702074,841.747941335326,2364.2058715893886,93
702274,968.8105372837372,2376.0421172294054,93
702494,1111.66678261843,2394.4022144207074,92
702674,1220.5532231312059,2412.533487747688,91
702914,1427.0776194265923,2471.1225117609465,89
703254,1521.503004775117,2520.8904392020468,89
703574,1658.553302605511,2636.385962338662,89
703734,1720.3818562739748,2704.980641077365,89
703894,1779.4330611606317,2775.0873825608633,89
704234,1940.496894384981,2970.4036430899832,90
704614,2050.258281391144,3094.6350317262018,91
704794,2124.3717819624635,3170.5836264009226,92
705074,2276.197219849911,3303.9591729238323,92
705394,2407.091579596281,3385.0003142446944,92
705574,2508.238237862317,3424.62800054624,94
705814,2657.9234432193657,3456.192843286513,95
706054,2814.8144984877617,3471.232682938885,95
706254,2945.969084596548,3478.680806369187,94
706534,3131.5624027508566,3484.9354251803975,94
706694,3237.8599394263215,3489.7138869337373,94
706834,3331.3879522050956,3493.5231946994054,93
707114,3605.784649959297,3510.1199492493,92
707574,3843.2861280851043,3523.7598864946235,92
707674,3914.833150895477,3526.2141739618974,91
707953,4218.1295329018185,3539.679115917358,91
708374,4437.791366561156,3548.989262716254,92
708594,4677.7247060778745,3551.223672785011,93
708994,4977.108566446605,3533.6935800665883,94
709334,5127.062974587801,3512.183687481463,95
709594,5322.433093647307,3474.229549648089,96
710394,5912.213668988551,3283.1173497493105,99
710734,6153.901344769018,3173.4995255789886,100
710914,6378.4807297846355,3060.2339093223013,99
711254,6517.446879558082,2987.457476205914,99
711494,6781.443079854386,2848.0515716354325,98
711834,6919.628520584657,2773.1797880973013,97
712174,7152.827107573303,2643.3398134111576,96
712334,7261.7763530822685,2582.2246606008507,96
712634,7506.766333558205,2445.6050812339076,94
713034,7737.9189254666635,2317.95916765262,93
713214,7857.2955677427935,2251.527117564753,93
713414,7987.000896102974,2176.951466075962,93
713654,8196.22185338459,2049.3638842579626,94
714094,8393.642440757185,1908.0376245555997,95
714413,8468.81930281046,1852.3470561276986,96
714593,8533.034835761178,1806.9447948640222,96
714894,8632.279061782869,1731.3102551261773,97
715014,8665.261759773652,1703.272037756865,98
715194,8710.471072904003,1660.6561016967269,98
715434,8756.649540022026,1605.2706417398963,98
715674,8810.361391598834,1502.217077996612,97
716054,8818.567797995947,1433.299337943376,97
716394,8779.859880384589,1297.3887161576138,97
716634,8761.665772105493,1262.6471787142527,98
716834,8730.643808166416,1205.0048526563749,97
717094,8686.942054592031,1128.7017941690265,97
717274,8653.874095572768,1073.2535292160062,96
717654,8577.252449003789,945.7422619606837,96
717814,8541.259075178048,887.5660035674128,96
717934,8512.776659734725,841.8631370214953,96
718274,8426.696770386254,706.8992431470407,95
718454,8378.072962266762,631.475604385982,95
718714,8303.456931858145,520.8752065292816,94
718874,8254.981189763323,449.6916239532675,93
718994,8218.404528260633,395.0734233849803,93
719274,8133.105347955337,262.2048799322701,92
719554,8002.009063653912,53.81398703538817,90
719934,7922.807489669352,-66.53180922841365,89
720054,7884.570699397198,-128.16741476355267,88
720334,7797.315258273097,-276.53347555320454,87
720494,7743.621329583827,-355.3177507730191,86
720834,7577.980929205267,-539.8611271440781,85
721093,7508.946525625455,-591.9308027948807,85
721454,7285.008730094149,-683.1660138297563,83
721834,7123.778907957594,-700.8844915808216,82
722054,7016.3147959282305,-698.5468376841964,82
722294,6884.585898564226,-681.9186207243536,83
722534,6750.375784467755,-655.2982286496251,83
722694,6662.025579363603,-632.4019132680118,83
722854,6572.41008822244,-605.216186359796,83
723094,6436.113600125956,-557.2968026767296,83
723354,6228.72326371484,-478.59325534063976,84
723774,6039.558438080916,-404.77138362983146,85
723974,5920.953528426231,-356.7622656853826,85
724154,5754.936268114606,-288.7014893261452,87
724514,5638.229287515438,-247.12648867159868,87
724814,5448.907419435113,-198.06295571099798,88
725194,5359.776505287786,-177.26199075112854,88
725394,5293.546379754974,-169.2888814512384,88
725654,5202.89442644112,-171.78354783833777,87
725914,5143.623374111872,-187.4022019347567,87
726974,4979.091217323923,-400.9933285826251,87
727114,4973.617277599961,-436.1790640999967,87
727433,4970.20278261082,-554.2186389211944,87
727733,4974.761396921569,-606.0280882095801,86
727934,4985.211219765097,-671.4864811209474,86
728194,5002.8175371784155,-754.8832291818965,85
728414,5020.670631299518,-831.2132169344377,85
728594,5032.780582912512,-889.6542048789526,85
728834,5045.070003048269,-983.4783497070662,85
729014,5047.4749351739865,-1056.4387245791204,85
729234,5031.618450835588,-1206.5905540865433,84
729414,5009.947042571161,-1280.1252402138157,83
729674,4970.081526027636,-1388.40146378445,82
729894,4925.302931360735,-1475.2799850636322,82
730114,4869.464296908163,-1554.6969033019532,81
730294,4815.097346280561,-1612.2315422549864,81
730454,4759.761241665288,-1656.996657311328,81
730774,4636.03235291044,-1735.45787121661,82
731014,4533.176210533382,-1783.516314546689,83
731194,4452.161968521787,-1813.9415111982562,84
731314,4404.247088027549,-1828.541655965447,84
731534,4295.212581490102,-1850.9129854774724,85
731754,4177.3614516134,-1862.363364806767,85
731974,4056.248395961056,-1865.9169194429207,85
732294,3826.307231559223,-1865.6701127792107,85
732674,3646.7128090425376,-1862.2286885248766,84
732854,3535.008640828129,-1859.7429686035814,84
733034,3421.891120552039,-1857.2078933407292,85
733314,3243.028051736973,-1853.0844707263327,86
733454,3151.842166087727,-1850.6077272267682,86
733754,2898.0714380035324,-1843.8684715098682,87
733974,2803.3274945293037,-1841.9750156872528,87
734293,2582.795217565407,-1835.6889344660935,88
734514,2413.825613182112,-1831.9109992425938,88
734774,2185.495222208188,-1826.0601396737138,88
735054,2040.5526028734819,-1823.1212452566774,89
735294,1865.2475918833982,-1818.4145349653318,89
735594,1642.5706091562004,-1812.7610967626783,90
735814,1477.841060957951,-1809.1312275638486,90
735994,1341.4279093348914,-1805.0751131344705,91
736054,1296.8826417211405,-1804.2270959062762,91
736394,1035.9464426454242,-1800.067767604956,89
736614,818.0928037802206,-1798.1204532519553,88
736994,567.0007137947193,-1795.7199644032135,87
737194,440.38231592031826,-1794.8360414880956,86
737414,262.15189012375794,-1792.857324637,86
737614,98.05498494401444,-1791.372161201471,85
737854,-208.88918914869112,-1787.7288123920816,83
738254,-419.6760677054864,-1786.028274746864,82
738354,-501.0178442645176,-1785.310370699878,81
738634,-730.1782996231746,-1782.9682136144238,81
738854,-910.5534311830357,-1781.622139781834,80
738994,-1025.1336588623642,-1780.4510612391068,79
739194,-1189.9125624021704,-1778.2345441019586,78
739474,-1520.2510785249583,-1775.8968602494065,77
739774,-1669.483109386266,-1774.223251869382,76
740114,-1950.3049480086393,-1772.1996529096318,75
740234,-2049.338303009469,-1771.571483124028,75
740494,-2299.6990392933512,-1768.4889959152238,76
740713,-2569.2140614222712,-1766.8602396879267,76
741174,-2813.2887464409205,-1766.1198796086503,78
741234,-2850.035900044644,-1764.836640728177,78
741514,-3006.9179788913093,-1759.3581978153861,80
741814,-3211.2124083949143,-1733.8280964878068,81
742054,-3255.4615439593254,-1724.4999668895225,81
742294,-3356.3344962523856,-1695.506045187172,80
742594,-3467.6752242324355,-1642.09029570378,80
742814,-3572.7613034453475,-1551.3934602812722,81
743134,-3626.9756848594507,-1482.9916997199664,82
743474,-3708.748179881932,-1352.7793383336593,83
743654,-3750.044971374674,-1279.1683675996373,82
743894,-3806.5835270748426,-1176.0160931732396,82
744094,-3858.0115832854085,-1088.6081127915666,82
744254,-3906.5725564527847,-1020.4037735964881,83
744454,-3978.0836735762337,-940.7849308031122,83
744674,-4067.869656818431,-857.6977644461355,83
744894,-4166.283818455388,-778.5545222248643,84
745074,-4253.400140020623,-720.3244053012087,84
745394,-4459.417503289883,-622.5652828031945,85
745774,-4653.661425915317,-572.6223301163044,86
745974,-4780.320202709542,-552.6334766977055,87
746214,-4934.810799085124,-539.4556304580012,89
746414,-5159.09855524023,-539.4062451605175,89
746834,-5359.655458396088,-548.6760130395879,88
746934,-5426.962425021416,-551.2783665315316,88
747153,-5578.536583012251,-555.8908094167394,88
747433,-5774.60665327528,-558.2418830120711,88
747594,-5902.638403211363,-557.3086047553966,89
747794,-6046.217025825944,-555.8324177415985,88
747974,-6176.294770842214,-552.7050783800665,89
748214,-6336.734907513862,-547.8099231442252,90
748454,-6514.036558242577,-539.4957996863402,90
748614,-6632.659420740723,-532.5232468722163,90
748854,-6811.957711208069,-520.6017102477924,90
749094,-6992.570643053982,-505.80411415844856,89
749294,-7252.084513646286,-481.1758586335223,87
749774,-7513.545668635664,-451.5268378803754,88
749994,-7750.149774191721,-419.2081554502662,86
750374,-7966.186241841058,-385.48509738020635,85
750634,-8212.288969096435,-341.514111065747,85
751034,-8472.3277956024,-291.396163088994,84
751194,-8593.867096485292,-266.6333211499582,84
751434,-8775.736337946486,-227.0280309688497,83
751634,-8924.56454965361,-193.52932353020935,83
751874,-9098.58632176322,-152.07545963514016,82
751934,-9139.27739950265,-142.16404235990646,82
752154,-9282.402847621488,-107.44940422581058,84
752394,-9424.114943678647,-72.78412143327219,85
752674,-9624.694272910869,-21.91239367853583,88
753034,-9728.344573985734,8.593590768609072,88
753254,-9786.381742776066,28.3087382142323,88
753474,-9858.206944792317,58.4109035071936,88
753753,-9938.651348781597,105.0874272296121,87
753893,-9971.732757455493,130.29894047556076,87
754113,-10020.450773069271,173.7449409204312,86
754274,-10054.50133573084,211.7259780630715,86
754574,-10107.490810027757,294.94325760125616,86
754894,-10129.49422607252,353.72973293666786,87
755914,-10064.56075911889,612.543652325447,89
756234,-10003.068716419592,691.7631491975419,88
756394,-9970.494310815895,733.0778935337445,88
756634,-9918.025289243811,797.046649776681,87
756854,-9822.159622568412,908.3200695717121,86
756994,-9785.394516121225,948.0733958215641,86
757174,-9738.193036485145,1003.028107359017,86
757454,-9667.727328000192,1096.0849927985876,86
757614,-9631.051955814388,1153.5298974902382,85
757774,-9599.249282832136,1213.2675739698605,85
757974,-9568.21834247133,1291.4281825929006,84
758294,-9538.968667639465,1419.8861777595307,84
758514,-9535.908636462951,1507.5140055837946,85
758774,-9564.79484110453,1652.8604440726847,86
759114,-9598.778095581081,1733.2913984073318,87
759354,-9648.891510413077,1817.8233193240847,88
759514,-9726.975834429368,1911.8224594420612,90
760014,-9859.925135721729,2035.3315007543185,91
760214,-9935.537219427284,2098.820183192247,91
760433,-10024.304693340253,2170.5511777142133,90
760593,-10091.100153706553,2223.118909969411,90
760774,-10177.920343222448,2289.829139263157,91
760994,-10276.433215542518,2366.145677361065,92
761174,-10358.380705854863,2430.563134866839,93
761414,-10530.114179409404,2578.06775872959,94
761854,-10691.11514772571,2749.253880250033,95
762194,-10788.43451542669,2880.009150393463,94
762414,-10858.563682986553,2999.201850913926,94
762574,-10899.950208740676,3090.5044000897474,94
762814,-10945.163995103929,3234.298396914017,95
762974,-10962.958757461744,3332.560019293402,96
763334,-10968.414714386317,3561.2852529997804,98
763534,-10945.61260649899,3768.5050973098623,99
763934,-10916.582779109714,3951.451179863572,98
764194,-10884.439091969469,4122.260381539097,96
764294,-10871.494572782913,4189.024439407301,96
764454,-10847.956637961062,4295.748221313314,95
764694,-10808.360324201685,4457.099180209346,95
765014,-10721.288824833253,4742.0264586467265,93
765454,-10600.723121215007,5054.085605461938,93
765854,-10478.317820304532,5337.779000360402,91
766174,-10424.507228088685,5460.426544833906,91
766334,-10382.160494812693,5558.710593289655,90
766714,-10247.313204552962,5874.516242874343,90
767013,-10184.035393135893,6025.134696532141,89
767273,-10111.241007176044,6205.137411435912,89
767574,-10016.528436243983,6465.741572775365,89
767934,-9962.690914762945,6649.943964944356,90
768174,-9929.981892789212,6776.158543664573,90
768334,-9885.225724198674,6923.178560577561,88
768714,-9821.086445898778,7037.6825036501405,87
768994,-9719.912858367548,7138.865037647173,87
769134,-9659.852120573394,7177.097324730499,88
769294,-9585.074574485474,7211.278000573276,89
769514,-9471.503879713642,7241.981376430721,90
769754,-9338.590454152278,7259.273608951238,89
769994,-9163.079045374237,7280.738589471782,88
770174,-9026.845362273943,7312.065631926002,88
770434,-8881.974524357158,7367.85488108109,88
770594,-8794.131322323205,7411.4848232816275,88
770874,-8641.88861562694,7496.025690664185,90
771054,-8543.559685062537,7556.270370214006,91
771314,-8401.062376773374,7645.396781172505,92
771354,-8379.319187091025,7660.203323727654,91
771574,-8256.371007379354,7736.569187211191,91
771934,-8044.166273572047,7856.515637553711,92
772134,-7920.3476505558165,7917.2852730171935,92
772234,-7767.382566579664,7981.989856194651,93
772594,-7620.564444265804,8032.758340121518,92
772894,-7358.187963863214,8090.104504174129,92
773354,-7083.306689115177,8100.3164967756775,91
773533,-6931.593441521402,8088.650713280768,91
773753,-6669.2124878859095,8044.818816569248,90
774134,-6411.3766989065325,7972.136590947145,90
774534,-6215.194468305756,7896.654590466872,90
774734,-5998.1664205923835,7790.020512866314,92
775174,-5787.384045224417,7666.623631891803,93
775354,-5671.861592822609,7591.128181756897,93
775634,-5443.939524191698,7431.755879800107,94
776034,-5243.9390094035225,7283.264149106223,95
776214,-5133.8321649623895,7194.514598080789,95
776394,-5029.57615013421,7100.309060174855,95
776574,-4929.075614497239,6999.8668263452455,94
776874,-4740.655622175494,6783.148330379919,93
777174,-4620.632887226225,6633.911796329782,92
777474,-4459.353739704041,6430.169222049104,92
777634,-4343.768482306044,6275.427345776911,93
778074,-4173.421461503917,5966.65252085778,93
778354,-4109.398876686523,5814.418790583246,93
778594,-4032.2298780834453,5633.424465659512,92
778874,-3937.6250541680824,5424.934832123589,91
779054,-3875.105555673752,5290.442035632412,91
779314,-3785.6605865895494,5096.283344079533,90
779574,-3699.1410323118234,4899.396659086404,89
779774,-3640.1392127226495,4745.215644414796,88
779954,-3572.3387226376817,4539.077114430132,88
780333,-3440.506671313589,4201.223136736096,91
780794,-3247.012085189164,3886.6872164653946,92
781074,-3154.219929300838,3768.1181825417066,93
781414,-2971.543079487202,3569.2886863844055,92
781534,-2890.7711409504873,3491.4690619634334,92
781854,-2624.5270509748675,3254.3444437706903,90
782234,-2388.4299784449368,3065.6776148293084,89
782534,-2235.0027735072385,2961.2645275988007,90
782894,-1896.3636434930522,2771.1394644870825,91
783214,-1727.1831680888981,2692.355159311341,91
783434,-1556.3425639152788,2620.588259102451,92
783694,-1288.8197082920879,2521.3888552775625,92
784094,-920.3655686125494,2415.1271643771674,91
784474,-724.9460942114874,2378.586378605475,90
784614,-609.4954232276007,2361.819072042693,90
784954,-330.0959130886403,2339.326545859337,90
785154,-171.1184838202309,2333.0673939033704,90
785314,-40.30938510234145,2330.622052901901,91
785514,203.13265689780238,2332.026398585925,92
785914,448.18547232585433,2339.034797175119,93
786114,609.8011607731314,2347.541808854475,93
786354,907.7402665820854,2369.6842845462525,93
786773,1103.1373149067833,2393.284994408366,92
786953,1220.5532231312059,2412.533487747688,91
787174,1359.7123210379773,2446.588523642158,90
787394,1471.6812188036308,2492.2061291595965,90
787554,1547.5849613256237,2538.3756198558885,89
787814,1651.9217639493816,2628.834625036418,89
788074,1790.5020773680326,2788.144062085164,89
788354,1856.2835315939321,2868.6288449942695,89
788634,1959.7095119933063,2993.789008698335,90
788934,2121.446367155987,3167.8556329606727,92
789254,2212.134226156764,3252.4234296084223,92
789494,2326.216427187624,3338.2968912130095,91
790434,2888.555582402992,3475.732965486346,95
790734,3122.3509366791473,3484.5495588696754,94
791114,3336.3593620917595,3494.0571270347978,93
791374,3609.342707784279,3510.7032369262492,92
791734,3763.891635923148,3519.457025313389,92
791994,3947.438958997269,3527.905705229457,91
792214,4105.447234278007,3534.4160771701827,91
792374,4307.417489495547,3543.636489707696,92
792714,4468.93446725971,3549.3167972636884,92
792934,4618.314564145688,3551.883245068709,93
793273,4959.466343346363,3535.017197866887,94
793654,5169.266115072025,3505.049618988036,95
793894,5348.407363092969,3468.3697436134044,96
794094,5586.653644575029,3402.031901019822,97
794454,5747.4616947139375,3346.888714581946,98
794674,5907.340969784999,3285.410121537281,99
794794,5993.052915710284,3247.7476425203454,100
795094,6204.674331884714,3148.377746594422,100
795274,6331.216445152366,3084.5256239221358,99
795494,6484.118694176403,3005.6022291434547,99
795754,6664.063077316887,2910.8762085567614,99
795854,6732.8147985019905,2873.8059936385052,99
796074,6884.886983141295,2791.3738963763985,97
796354,7076.474693744398,2685.628214923861,97
796554,7212.515428711368,2610.1237883672234,96
796734,7334.669419769305,2542.1796755345613,95
796994,7510.225680700074,2443.3616647874933,94
797174,7727.491528699499,2323.276064930181,93
797434,7808.716641731956,2278.694891629507,93
797694,7982.17755224098,2180.6575899256145,93
797954,8147.108995038358,2081.5030682093798,94
798234,8297.126208175743,1980.746749486969,95
798454,8446.066580220613,1869.4149679727232,95
798794,8527.480138197567,1809.968920353612,96
799074,8669.403105275584,1700.2972676088318,98
799434,8722.747043385129,1647.4917350675819,98
799714,8776.180715756056,1576.9946240845322,98
799793,8788.160554187842,1555.3501450852966,97
800113,8818.37037662972,1427.6459296966489,97
800574,8793.715221795528,1329.451615502282,97
800734,8757.860937572726,1254.9971307288943,97
801034,8729.86309912324,1202.9095022346305,97
801354,8647.825844593586,1062.14413408878,96
801734,8573.496969812579,939.505566037007,96
802234,8482.831536888165,794.7962737554515,95
802394,8404.262605922113,672.3057717283492,95
802774,8335.596115809563,569.9880648755122,94
802954,8283.315539181973,491.15443431414064,94
803294,8162.269761758721,307.17639277656946,92
803554,8100.867453320806,210.2653174626759,91
803894,7994.54746061305,42.75394724971813,90
803954,7975.088066296941,12.301821332957973,90
804154,7908.615637289248,-87.96989043969113,88
804414,7828.09044550439,-225.95790980373508,87
804614,7767.419490768094,-322.186986757566,87
804814,7700.659906132792,-410.42052833514265,86
805034,7616.742675391083,-503.7152140607658,85
805314,7429.5340806200375,-637.2702291064402,84
805674,7318.493957922229,-676.5524280170889,84
805914,7190.403876222859,-697.5507843872589,83
806174,7049.503891706971,-700.4133642416188,83
806333,6961.292776205759,-693.7952752401228,82
806653,6714.606761273434,-646.2662311006811,83
807034,6554.9159311468675,-599.6525123744518,83
807254,6428.414196799042,-554.9053202056455,83
807494,6302.011173134329,-507.3314239134759,83
807694,6184.720904858213,-462.1983654339471,84
807934,5960.715831097813,-373.0090895674051,85
808274,5845.619623926554,-325.830036007689,86
808534,5710.251910897916,-271.57524571783335,87
808734,5568.1539485300345,-227.6984968535851,87
809114,5452.416121918539,-198.89302009573072,88
809354,5366.111911894574,-178.19076581897443,88
809594,5286.479619446565,-169.0421047434547,88
809834,5201.481074379439,-171.7341924967812,87
810134,5134.2638420154935,-192.02812443052434,86
810414,5056.551904699365,-249.45507627871334,86
810834,5006.564099859747,-323.41600763653406,86
811054,4986.3643754202885,-375.06841447851906,87
811174,4978.261152939191,-404.50203106605085,87
811474,4969.161847205228,-482.7209714523786,87
811754,4970.440582896872,-567.6701611779486,87
811994,4978.745699977099,-633.7611971078214,86
812234,4993.040736273219,-710.6744725373117,86
812574,5019.988632939456,-830.4818632328185,85
812754,5033.848447583297,-899.5970246522811,85
812854,5040.946610389799,-939.467014428708,85
813153,5047.228158466203,-1063.5054848875288,84
813353,5015.560071898061,-1261.2177310765617,83
813794,4964.764628750076,-1398.828860551614,82
814034,4918.523326679936,-1487.0713785509215,81
814254,4859.857988104001,-1566.3895861061292,81
814474,4760.492595366907,-1656.3146589512655,81
814894,4625.941467112441,-1740.7657920724403,81
815074,4548.969859919664,-1776.9924629954041,82
815234,4477.947793022952,-1804.9364429145046,83
815394,4413.507909440815,-1826.7424375930427,84
815674,4275.3269419434455,-1853.0487148190423,85
815894,4083.1514404745644,-1865.4413188708158,86
816254,3960.7237434436515,-1866.1188140420495,84
816494,3790.2420763155624,-1865.1182276003565,85
816934,3498.9434855844684,-1859.1910834247271,84
817274,3347.665459642973,-1855.3234139398448,85
817494,3206.2808981332496,-1851.8012318458593,86
817674,2997.055437662806,-1845.9099933571536,86
818074,2822.432425032785,-1841.934636767427,87
818374,2573.5837514936975,-1836.0748007768161,88
818634,2432.9305436855934,-1831.870620322768,88
818974,2117.604967905911,-1825.104435340675,89
819374,1897.7546893020765,-1819.5497078211351,89
819613,1719.6229741886295,-1814.7442868466762,90
819813,1570.4896540104353,-1810.243974343288,90
819994,1419.8936264290023,-1807.1076585600251,91
820174,1282.7491211043239,-1803.7335424907096,91
820434,1007.679401411791,-1799.0806607738227,89
820794,820.919507903584,-1798.2191639350688,88
820974,680.1675894123663,-1796.8416876043839,88
821154,542.973728746131,-1794.88092359675,87
821434,246.6050174452596,-1792.3144158798766,86
821734,89.57487257392434,-1791.076029152131,85
821954,-87.24220116095427,-1789.1466676425919,84
822154,-248.51240221733454,-1787.7602148901763,83
822354,-411.19595533539643,-1786.324406796204,82
822574,-590.8397331936385,-1784.2963346035517,82
822934,-885.7950924328281,-1781.779182228235,80
823134,-1050.5739959726343,-1779.5626650910867,79
823294,-1182.8458020937621,-1778.481320809742,78
823394,-1265.6009307144745,-1777.7140614211992,78
823754,-1663.0983474379202,-1773.7386748755462,76
824014,-1778.409928818868,-1773.2495946928816,76
824194,-1941.09348193693,-1771.8137865989092,75
824414,-2137.0154861752894,-1769.924804009196,76
824734,-2398.7323942941816,-1767.86082612962,76
824954,-2661.912009816312,-1767.160844970169,77
825334,-2838.729083551191,-1765.2314834606298,78
825534,-2987.1310500277655,-1760.0491725971794,80
825854,-3100.0017935960727,-1750.447337025919,81
826233,-3311.551428352582,-1709.8055846721209,81
826614,-3437.173742974119,-1660.136337958207,79
826774,-3492.572652585582,-1625.6550268772617,80
827034,-3571.4466620667795,-1554.2695197461921,81
827194,-3639.736232334412,-1463.4425711424756,83
827654,-3720.728018313717,-1331.1348593344244,83
827874,-3803.9048889761493,-1180.354860041398,82
828134,-3833.221842037106,-1128.388368306611,82
828514,-3948.026390391927,-971.5511416126739,83
828734,-4069.2336535385557,-856.2350570428971,83
829034,-4167.647815175514,-777.0918148216259,84
829334,-4314.452457878813,-685.6456728540368,85
829554,-4492.310467019284,-612.2186438756819,86
829934,-4738.749705243825,-557.6228394278318,87
830354,-4943.290911455214,-539.159498408661,89
830534,-5135.022214850085,-538.8319339052996,89
831014,-5458.154881061526,-553.0192531406484,88
831414,-5678.350647056257,-557.3579900528798,88
831594,-5888.504882594546,-557.8021581709631,89
831894,-6017.218630890691,-556.1375262126694,88
832094,-6161.429896523779,-552.5166334355708,89
832434,-6409.4978610196895,-544.5614470232154,90
832594,-6527.438725157775,-538.320247910711,90
832753,-6645.379589295859,-532.0790487982063,89
832973,-6809.131007084706,-520.7004209309056,89
833134,-6944.615383639919,-510.30889989473843,89
833514,-7294.386364813623,-476.8684942634586,87
833854,-7478.310577776735,-455.58742554265575,87
834134,-7659.3093759333715,-431.57836338160246,86
834254,-7845.180873293559,-405.2765294325785,85
834594,-8014.724788932071,-377.42225381893326,85
834834,-8199.667511224412,-344.7850132631205,85
835114,-8414.725848464348,-303.31319652458916,83
835374,-8612.823960964102,-262.43364388473833,84
835594,-8779.97639413153,-226.87996494418002,83
835774,-8960.33357284793,-184.49732598126448,83
836094,-9146.2948044695,-140.50391359044096,83
836334,-9305.550412943787,-101.68830887424016,84
836494,-9402.380730418028,-78.49586144328606,84
836674,-9499.893046252333,-54.57206031071369,85
837034,-9672.353400275591,-8.927495572155735,89
837254,-9813.62129825874,38.457955775517746,88
837534,-9861.666291934187,60.65431995360768,88
837834,-9948.980034865648,113.2310286305361,87
837934,-9974.5101062373,131.81100322035564,87
838174,-10027.270756669895,181.0584779366229,86
838454,-10078.855855326863,243.70811956808873,86
838654,-10121.269866831944,325.8485580137574,87
839034,-10136.10781188519,387.2149607647489,87
839313,-10130.270431926869,473.3307258442179,89
839734,-10071.29100845813,602.1656108998401,89
840074,-10036.374475724908,649.7664065012758,88
840354,-9966.10618860618,737.1698836941201,88
840674,-9920.268705690225,793.5873026348114,87
840914,-9830.253868627779,899.4047355493425,86
841054,-9794.951469583832,937.7940650790694,86
841334,-9722.686542726473,1021.5901291053743,86
841574,-9632.564018559184,1150.7525487084322,85
841934,-9590.760194040315,1233.4897244856825,85
842114,-9564.265441913893,1303.3182867633025,84
842334,-9543.51383229558,1391.0358488489483,84
842654,-9536.976501133737,1517.456825357123,85
842834,-9557.05505885779,1631.36403109812,86
843274,-9625.416410543343,1780.9191232739604,88
843634,-9728.339831149493,1913.2851668452995,90
844054,-9821.486450850447,2001.4424537720529,90
844254,-9893.589832072576,2064.1010718252496,91
844414,-9955.512593235324,2114.3760322924763,90
844714,-10076.63012212057,2212.0005384204537,90
844954,-10179.284339942573,2291.291846666395,91
845134,-10259.917188876349,2352.83324470725,92
845194,-10286.079903266507,2373.5579250603696,92
845554,-10449.876173208082,2505.219544195282,94
845734,-10534.937523271397,2581.773882579243,94
845893,-10653.703948605385,2706.202722537615,94
846314,-10776.988609330298,2863.3360812808924,95
846574,-10860.560322725183,3002.8092640804653,94
846814,-10921.854914102327,3152.1175795485224,94
847234,-10969.505035089393,3408.49516431349,96
847514,-10968.365359044761,3562.6986050614614,98
847714,-10955.344555251457,3692.4308626868356,98
847994,-10929.872785687166,3874.7936575635968,98
848154,-10912.086969795155,3978.888156712473,98
848334,-10889.567544302532,4096.968110453497,97
848594,-10845.565155489978,4303.447624640228,95
848994,-10798.64632829268,4492.136849702048,95
849274,-10741.053327620431,4682.575937794715,93
849494,-10689.131688038373,4832.175882123283,93
849674,-10640.974504069252,4955.020847963013,92
849914,-10538.374084865784,5198.368652512946,92
850254,-10432.897606197394,5443.031098441446,91
850634,-10348.302850328524,5636.772491229582,90
850954,-10248.093913596138,5872.4208924526,90
851154,-10190.231710139742,6009.785245219869,89
852074,-9952.097499127649,6689.9036889821655,89
852314,-9934.863568414494,6757.933032887381,90
852533,-9900.98797108686,6877.031495957633,89
852854,-9799.630411844038,7064.527216400361,87
853214,-9690.223488650503,7158.346858039646,88
853474,-9580.785162958873,7212.543286610287,89
853714,-9450.155532763747,7245.481102492416,90
853874,-9288.876355285636,7264.612932305163,89
854334,-9042.589656318667,7306.955132436398,88
854474,-8968.839595981706,7331.973697549022,88
854734,-8835.90821757688,7390.302495199865,88
854874,-8767.46607809575,7425.411946110487,88
855114,-8596.3068858405,7524.858066731305,90
855474,-8482.085595206701,7594.453301955776,91
855814,-8314.96903777027,7699.70089684799,91
856014,-8181.929972260598,7781.374681187359,92
856334,-8039.827506703889,7859.194275652404,92
856494,-7948.426246844954,7903.407505529892,92
856794,-7684.954972506386,8012.3656975046615,93
857274,-7467.8057580776085,8071.291232487086,93
857434,-7361.064023328134,8088.78986279556,92
857594,-7253.15571322476,8099.17237745407,92
857794,-7114.400434472173,8101.402314289924,91
858054,-6932.324795223021,8087.968714920706,91
858274,-6778.13033089678,8066.310756310911,90
858454,-6652.350973828842,8041.399848347204,90
858754,-6377.119738457007,7960.327244616394,90
859033,-6255.638769337402,7913.632768050514,90
859353,-6044.017353162972,7814.262872124591,91
859574,-5889.266530424974,7727.492007994326,92
859794,-5661.483551397002,7584.397932417654,94
860114,-5562.674547027591,7516.561506689836,94
860294,-5450.80886313388,7437.656064754618,94
860614,-5170.956208455104,7225.5275855981345,95
860894,-5088.524141148925,7154.725366144014,95
861214,-4911.343657135614,6980.851630103147,94
861414,-4807.195329412279,6863.301105508687,93
861554,-4737.294985716738,6778.078209810141,93
861734,-4647.764755604055,6667.406000579594,92
862034,-4426.182596768762,6387.266130361357,92
862354,-4322.87330985189,6245.688620718309,93
862634,-4179.3126700366965,5980.301464480761,93
862954,-4109.398876686523,5814.418790583246,93
863194,-4032.862521101951,5635.569171422813,92
863354,-3979.693578282269,5516.96873500103,91
863734,-3829.0437520823043,5191.193306421893,91
864094,-3695.8791065361806,4891.499834393263,89
864534,-3601.103790519784,4627.10876140858,88
864594,-3585.772292050974,4579.875879274405,88
864894,-3459.6430043151645,4240.805970884914,91
865234,-3382.6534742348517,4095.1948028447787,91
865553,-3235.516823751215,3871.4274994145053,93
865633,-3195.624407898424,3818.384166587203,93
866454,-2689.8104485963718,3309.689524807695,91
866594,-2612.8837235122483,3243.324782904846,90
866854,-2443.5821113486168,3107.225686218662,89
867074,-2294.493673279077,3000.1339608894614,90
867254,-2169.9078208302303,2920.7843208802324,90
867474,-2022.1744030590846,2835.6735855194324,91
867754,-1840.7179571738054,2743.724913714546,91
868014,-1619.786364244553,2647.5675882227088,91
868294,-1516.5309059021397,2605.75478728211,92
868554,-1372.6830805034112,2551.2038649429146,92
868714,-1287.4063562304063,2521.3394999360057,92
869034,-1123.6728912850213,2468.92430693838,91
869234,-953.3078876835069,2424.0604512429986,91
869594,-846.5841057774934,2400.5225164211483,91
869714,-788.932803297885,2390.0188350472345,91
869974,-665.782728987084,2370.860046013368,90
870274,-527.6690696747338,2354.716406047361,90
870434,-455.73618055363875,2347.9592274429256,90
870614,-376.68717578257866,2342.368624192389,90
870774,-308.8956321634152,2338.586215735987,90
870994,-272.87983226131104,2336.620978495451,90
871294,-154.10890373849406,2333.8884818663723,90
871454,-93.33476508618233,2331.7662021794354,91
871614,-33.92462315399559,2331.1066298957367,91
871954,132.36634313060554,2331.6674615403954,92
872253,187.58578421930403,2332.5693073430484,92
872413,242.07387160638316,2332.789154785639,92
872774,369.5716892070734,2336.8272864156284,93
872894,409.92625597733604,2337.540687273786,93
873154,515.5417942927387,2343.0505027287445,93
873414,574.3686485479764,2345.9489882700286,93
873674,658.7345505965974,2350.7857817866557,93
873834,711.2259982450458,2354.6130423957857,93
874094,794.9099019336043,2360.181189614032,93
874394,890.7306865003486,2368.863196583251,93
874574,948.2428993770179,2374.637741589455,93
874674,980.2160644603039,2378.4739786203154,93
874974,1111.7161379599866,2395.8155664823894,92
875334,1185.7039985830002,2407.382609338259,91
875654,1283.3329779438795,2427.322077459374,91
875714,1301.1726224103488,2431.6518679058017,91
875974,1376.9686778274972,2454.4763719135685,90
876254,1453.792218995605,2486.462986651487,89
876474,1537.5927862107387,2535.894403123422,89
876774,1586.297352169883,2573.1081808775193,89
877034,1645.5370020010357,2628.350048042582,89
877274,1698.391889883843,2683.1073382138084,89
877594,1764.0252780850724,2759.352064937869,89
877654,1776.5570016957115,2773.772741182295,89
877934,1833.4141454775115,2841.833487585606,89
878214,1916.1648008653217,2942.244288961194,89
878614,1976.6293578136606,3012.3016751031355,90
878793,2015.6872360488164,3056.927700556538,91
878993,2059.81523485375,3104.9143624686963,91
879194,2108.9639988869044,3154.848308777928,92
879394,2153.6259300272304,3197.8635608034224,92
879614,2204.0399800973964,3243.508095586053,92
879794,2241.922306556923,3274.731954124258,92
880094,2324.704364442829,3335.519542431203,91
880394,2391.8318625453917,3373.5050528067454,92
880614,2451.497757607093,3400.4305233966174,93
880774,2496.635289319524,3416.5427309086035,93
881114,2625.0708584097906,3447.4345517105444,94
881374,2674.1523142579263,3454.9185808277703,95
881654,2759.3976360328365,3464.677428889505,95
881874,2828.2166654029593,3470.0571311632557,95
882094,2896.304341071463,3474.7548350769434,95
882334,3012.4953421786995,3479.1878094393865,94
882694,3094.7165384640202,3483.391959937508,94
882954,3188.926549602856,3486.469914001557,94
883234,3304.484907691587,3493.0475941273007,93
883614,3454.0624259437914,3501.2674501790475,93
883814,3541.986385817395,3506.687531372624,92
884034,3644.0932216493716,3513.027411212315,92
884274,3782.314568066566,3520.2287579348335,92
884614,3938.22749292556,3527.519838918735,91
884834,4057.976551857779,3532.536100958127,91
885014,4159.302678646581,3536.780630376074,91
885213,4274.129683033692,3542.6763121417553,92
885453,4508.60703566991,3550.761551823465,93
885854,4681.282763902857,3551.8069604619595,93
885994,4766.083887603758,3548.8456399685597,94
886214,4898.108917017102,3540.6975353788066,94
886474,5039.780634154434,3525.1371830897488,94
886654,5145.337840706549,3508.715363917863,95
886834,5249.38298451387,3489.5161959641705,95
887154,5509.6102559643305,3424.533373668982,96
887514,5697.123929250521,3364.2123795564844,98
888014,5901.7369168798305,3287.02089496519,99
888194,6062.002058261615,3216.3308358488152,100
888614,6266.556714127636,3117.2077166306767,100
888914,6387.494774490118,3054.9663673862974,99
889234,6645.985632564365,2919.9979403670877,98
889574,6752.256239974637,2863.22155442494,99
889774,6855.749498603103,2807.957231227587,98
890074,6988.330886428204,2734.696221117364,97
890154,7020.245719748203,2716.6008235213803,97
890374,7106.343531984208,2669.7268784327352,96
890634,7241.65291324956,2593.540453516035,96
891114,7345.047461194912,2535.449426195319,95
891274,7392.2623904856255,2509.744359533804,95
891434,7438.063967714657,2484.0886482138453,95
891674,7506.766333558205,2445.6050812339076,95
891853,7557.440609990787,2417.6565981259782,95
892113,7630.333676677823,2377.611613059689,94
892414,7741.378272608533,2315.7157512062063,93
892794,7826.062732782858,2268.891161459117,93
892954,7865.627614088214,2246.9909293303685,93
893194,7932.9166278700795,2208.556717691987,94
893374,8023.739073284966,2155.1499446303255,93
893854,8139.458947053001,2085.3079027421463,94
894114,8187.207808679106,2054.6314261939665,94
894474,8297.75885119425,1978.602043723668,95
894754,8346.041645155748,1942.9541572888238,95
894954,8392.911087055565,1907.355626195537,95
895214,8451.57192244267,1864.9774904214507,95
895474,8509.550759469714,1823.3307083489844,96
895694,8570.988943638626,1779.440509830103,97
896014,8625.409722840686,1737.2104400806872,97
896334,8685.82042125864,1684.1581308316536,98
896514,8717.241701163071,1651.9292126188534,98
896714,8749.196913402895,1614.7288845193889,98
896874,8771.406727235619,1582.1140999958666,98
897214,8813.376540666692,1487.2534929950627,97
897634,8809.724245391499,1382.6654404306194,97
897874,8801.670378251956,1354.6451759047693,97
898214,8767.081380066167,1275.9012796047798,97
898314,8755.666876467869,1252.9511356487073,97
898553,8726.206330615145,1199.4995104343184,97
898753,8700.550619295185,1153.6979332052867,97
899054,8656.117512019182,1076.7128763578758,96
899254,8605.833575130224,994.2718326299648,96
899514,8586.275470131002,960.993002589842,96
899834,8530.041992945977,870.2692678580676,96
899954,8507.55847314028,834.2624443776944,96
